0.7534999831579625
0.5224999883212149
0.7194999839179218
0.76649998286739
0.7449999833479524
0.9029999798163771
0.7194999839179218
1.0979999754577876
0.9364999790675939
0.7739999826997519
0.8989999799057842
0.7799999825656414
0.813499981816858
0.8024999820627272
0.8259999815374612
0.8779999803751707
1.1859999734908342
1.0964999754913152
1.1944999733008443
0.9059999797493219
1.1474999743513763
1.0934999755583703
1.0939999755471945
1.0129999773576857
1.1364999745972455
0.9059999797493219
1.1014999753795565
1.026999977044761
1.1814999735914171
1.1519999742507934
1.0394999767653643
1.080999975837767
0.9439999788999558
0.7294999836944044
1.0544999764300882
1.0354999768547715
1.1859999734908342
1.1239999748766423
1.5129999661818148
1.1564999741502107
1.111499975156039
1.2574999718926847
1.3294999702833592
1.3394999700598418
1.2129999728873373
1.5794999646954238
1.5134999661706388
1.1574999741278589
1.5519999653100967
1.2789999714121223
1.3604999695904554
0.9779999781399965
1.4454999676905573
1.5929999643936754
1.2574999718926847
1.266499971691519
1.6839999623596669
1.443999967724085
1.5199999660253525
1.553499965276569
1.4089999685063959
1.355999969691038
1.2219999726861714
1.2944999710656702
1.0254999770782889
1.3144999706186353
1.126999974809587
1.246999972127378
1.328499970305711
1.3614999695681036
1.2629999717697502
1.292999971099198
1.5659999649971723
1.4344999679364263
1.5429999655112625
1.3154999705962838
1.6064999640919269
1.525499965902418
1.521499965991825
1.5829999646171928
1.2909999711439013
1.4284999680705368
1.4884999667294323
1.3949999688193202
1.5514999653212727
1.3914999688975513
1.3904999689199031
1.409999968484044
1.4894999667070805
1.3174999705515802
1.2919999711215495
1.5054999663494528
1.4359999679028987
1.7369999611750244
1.2654999717138709
1.1519999742507934
0.9729999782517552
1.370499969366938
1.5159999661147594
1.5709999648854136
1.0169999772682785
1.4094999684952199
0.8124999818392098
1.0329999769106508
1.4389999678358436
0.8354999813251197
1.0679999761283399
1.2329999724403025
0.7304999836720526
0.9614999785088003
1.0964999754913152
1.2099999729543924
1.0289999770000577
0.9749999782070518
1.014999977312982
1.0254999770782889
1.2734999715350568
1.1959999732673168
1.1459999743849039
0.9574999785982072
0.9054999797604978
0.8634999806992709
0.6824999847449362
0.913999979570508
0.8244999815709889
0.5919999867677689
0.8309999814257025
0.9279999792575836
0.9094999796710909
0.9309999791905283
1.0279999770224095
0.8459999810904264
1.2444999721832573
1.0164999772794545
1.0254999770782889
0.8334999813698232
0.7314999836497009
0.9124999796040356
0.9374999790452421
0.886499980185181
0.8119999818503857
0.9159999795258045
1.2104999729432167
0.8184999817050993
1.4144999683834611
1.1834999735467135
0.8274999815039337
0.8509999809786677
0.6229999860748648
0.9094999796710909
1.0154999773018063
1.1429999744519592
0.8339999813586474
0.8839999802410603
0.8784999803639948
1.060499976295978
1.0474999765865505
0.8254999815486371
1.045499976631254
1.0939999755471945
0.9394999790005386
0.925499979313463
1.0424999766983092
0.8379999812692404
0.9514999787323177
0.8684999805875122
0.8444999811239541
0.6799999848008156
1.0359999768435955
0.6899999845772982
0.8624999807216227
0.9074999797157943
0.7684999828226864
0.9474999788217247
1.0944999755360185
0.8479999810457229
0.8599999807775021
0.7524999831803143
0.7054999842308461
0.7809999825432896
0.8709999805316329
0.6879999846220016
0.6059999864548444
0.8504999809898436
0.7669999828562141
0.9834999780170619
0.7859999824315309
0.7814999825321138
0.8229999816045165
0.9384999790228903
0.8179999817162752
0.8449999811127782
0.7219999838620424
0.7089999841526151
0.7759999826550483
0.9049999797716737
0.6289999859407545
0.6979999843984842
0.5579999875277281
0.7904999823309481
0.8024999820627272
0.9249999793246388
0.6739999849349261
0.8604999807663262
0.7929999822750687
1.003499977570027
0.7764999826438725
0.7539999831467867
0.7024999842979014
0.8414999811910093
0.8514999809674919
0.6324999858625233
0.5804999870248139
0.7839999824762345
0.7669999828562141
0.6444999855943024
0.9479999788105488
0.9019999798387289
0.704999984242022
0.6719999849796295
0.8604999807663262
0.7129999840632081
0.526499988231808
0.7324999836273491
0.9314999791793526
0.7674999828450382
0.9079999797046184
0.7574999830685556
0.7914999823085964
0.8469999810680747
0.6754999849013984
0.944999978877604
0.9459999788552522
0.7609999829903245
0.6524999854154885
0.8179999817162752
1.014999977312982
0.9159999795258045
0.7949999822303653
0.7909999823197722
0.9084999796934425
0.8189999816939235
0.8039999820291996
0.8449999811127782
1.0284999770112335
0.6604999852366745
0.8819999802857638
0.8344999813474715
0.8524999809451401
0.9064999797381461
0.5754999871365726
1.0389999767765403
0.8369999812915921
0.6744999849237502
0.9204999794252217
0.7599999830126762
0.7229999838396907
1.0964999754913152
0.8239999815821648
0.8429999811574816
0.9659999784082174
1.0509999765083193
0.9259999793022871
0.7694999828003347
0.758999983035028
0.9939999777823687
0.9389999790117145
0.7974999821744859
0.7454999833367765
1.048999976553023
0.7594999830238521
1.0404999767430128
0.9299999792128801
1.026999977044761
0.8614999807439745
1.2404999722726644
1.0209999771788716
1.0239999771118165
1.1914999733678997
1.0369999768212437
0.9149999795481563
0.8114999818615616
0.7274999837391078
1.0294999769888817
1.0729999760165811
0.8974999799393117
1.1199999749660492
0.9474999788217247
0.7304999836720526
0.7594999830238521
1.0779999759048224
0.9304999792017042
1.0314999769441784
0.9709999782964587
0.9429999789223075
1.0239999771118165
0.8159999817609787
0.8544999809004367
1.146999974362552
0.971999978274107
0.8734999804757535
0.8004999821074307
0.9569999786093831
0.9409999789670109
0.9704999783076346
1.0174999772571027
0.8009999820962548
0.9774999781511724
0.9534999786876142
0.886999980174005
0.9624999784864485
0.9734999782405793
0.9559999786317348
0.7889999823644758
0.9394999790005386
1.052999976463616
0.8244999815709889
0.7864999824203551
0.8889999801293016
0.9339999791234732
1.0709999760612845
0.9534999786876142
1.0894999756477772
0.8449999811127782
0.8874999801628292
0.9479999788105488
1.0594999763183295
0.9359999790787696
0.971999978274107
1.060499976295978
0.9764999781735242
0.8624999807216227
1.0474999765865505
1.0514999764971436
0.8349999813362956
1.0849999757483602
0.716499983984977
0.9194999794475734
0.9804999780841172
0.8504999809898436
0.9554999786429107
0.8624999807216227
0.9729999782517552
1.1019999753683805
1.0704999760724605
0.778499982599169
0.8374999812804163
0.735999983549118
0.9279999792575836
1.0084999774582684
1.2114999729208649
0.8294999814592302
1.1674999739043415
1.1649999739602208
1.0274999770335853
0.9594999785535038
0.6534999853931367
1.0679999761283399
0.8679999805986881
1.1244999748654663
1.0359999768435955
1.2349999723955989
1.018499977234751
0.9424999789334834
0.9619999784976244
0.7264999837614596
0.9124999796040356
0.7229999838396907
0.72049998389557
1.1749999737367034
1.0279999770224095
1.0089999774470926
1.188999973423779
0.8009999820962548
1.084499975759536
1.1009999753907322
0.9749999782070518
0.9739999782294035
0.9769999781623483
0.7924999822862446
0.7849999824538827
0.8444999811239541
0.8884999801404774
0.9339999791234732
0.9349999791011214
0.9679999783635139
0.9009999798610806
1.0539999764412642
0.9694999783299864
0.9754999781958759
0.9274999792687595
0.9444999788887799
0.8379999812692404
0.8509999809786677
1.0309999769553542
0.8204999816603958
1.095999975502491
1.0249999770894647
0.6704999850131571
0.979999978095293
0.8839999802410603
0.7939999822527171
0.7924999822862446
0.9029999798163771
0.851999980956316
0.7344999835826457
1.1069999752566217
1.1419999744743108
0.5919999867677689
0.7494999832473696
0.9299999792128801
0.8604999807663262
0.8264999815262855
0.7584999830462038
0.8654999806545675
0.9389999790117145
0.8769999803975225
0.6599999852478504
0.6974999844096601
0.6554999853484332
0.8924999800510705
0.778499982599169
1.2144999728538095
0.7634999829344451
0.8879999801516533
0.6579999852925539
0.9689999783411622
0.9509999787434935
0.5599999874830246
0.8239999815821648
1.0209999771788716
0.7119999840855599
0.8279999814927578
0.6199999861419201
0.685499984677881
0.6994999843649566
0.623499986063689
0.7414999834261835
0.8239999815821648
0.7729999827221036
0.8004999821074307
0.8609999807551503
0.6629999851807952
0.6709999850019812
0.9274999792687595
0.9004999798722565
0.9224999793805182
0.7274999837391078
0.6849999846890569
0.89849997991696
0.6579999852925539
0.5879999868571758
0.87549998043105
0.8469999810680747
0.7294999836944044
1.0014999776147306
0.4264999904669821
0.5884999868459999
0.7614999829791487
0.6129999862983823
0.7464999833144248
0.770999982766807
0.9029999798163771
0.7544999831356108
0.8769999803975225
1.0434999766759574
0.8319999814033509
0.9244999793358147
0.48499998915940523
0.5129999885335564
0.5989999866113067
0.7134999840520322
1.0084999774582684
0.7684999828226864
0.7344999835826457
0.7154999840073287
0.7814999825321138
0.9144999795593322
0.603999986499548
0.654499985370785
0.8494999810121954
0.7779999826103449
0.8894999801181257
0.836499981302768
0.5534999876283109
0.677999984845519
0.7609999829903245
1.069499976094812
0.8544999809004367
0.5904999868012965
0.6679999850690365
0.7914999823085964
1.0634999762289226
0.8584999808110296
0.7734999827109277
1.0364999768324197
0.809499981906265
0.661999985203147
0.913999979570508
0.9199999794363976
0.8554999808780849
0.894499980006367
0.8499999810010195
0.8704999805428087
0.979999978095293
0.5474999877624214
0.68899998459965
0.7489999832585454
0.6054999864660203
0.6399999856948853
0.782499982509762
0.6414999856613577
0.8684999805875122
0.9544999786652625
0.9899999778717756
0.9349999791011214
0.7374999835155904
1.1079999752342702
0.832499981392175
0.9434999789111316
0.9354999790899455
1.1749999737367034
0.9654999784193933
1.0834999757818877
0.894499980006367
1.257999971881509
1.2869999712333082
1.0319999769330024
0.8139999818056822
0.9784999781288206
1.119499974977225
1.1174999750219285
1.126999974809587
1.1629999740049244
0.7874999823980033
1.0644999762065708
0.8699999805539846
0.727999983727932
1.13099997472018
0.936999979056418
1.0624999762512743
0.9234999793581664
0.8884999801404774
0.7654999828897416
1.0759999759495258
0.7689999828115106
0.9339999791234732
1.0579999763518573
0.9354999790899455
0.8544999809004367
0.8459999810904264
0.8454999811016023
0.813499981816858
0.9474999788217247
1.250499972049147
1.242999972216785
0.963999978452921
1.049499976541847
1.1049999753013253
0.9454999788664281
1.0739999759942294
0.8764999804086984
1.1364999745972455
1.2409999722614884
1.0589999763295055
1.227499972563237
0.9019999798387289
0.9489999787881971
1.103499975334853
0.801499982085079
0.7054999842308461
0.9424999789334834
0.9599999785423279
0.7349999835714698
0.7819999825209379
1.1594999740831553
1.037499976810068
1.1844999735243618
0.9544999786652625
0.8884999801404774
1.188999973423779
1.1479999743402005
1.0654999761842192
1.0794999758712946
1.0664999761618674
0.9059999797493219
1.4349999679252505
1.2074999730102718
1.0584999763406813
1.1394999745301901
0.9789999781176448
1.146999974362552
1.0894999756477772
1.2764999714680016
1.006999977491796
1.1479999743402005
0.9064999797381461
1.2944999710656702
1.1224999749101698
0.9889999778941274
0.9174999794922769
1.180499973613769
1.2564999719150365
1.130499974731356
1.1279999747872353
1.034499976877123
0.9829999780282378
1.417499968316406
1.092499975580722
0.8394999812357128
1.0719999760389327
1.1944999733008443
1.184999973513186
0.9974999777041376
1.1779999736696483
0.9919999778270722
1.130499974731356
0.9324999791570008
1.0399999767541885
1.2144999728538095
1.2514999720267952
0.8384999812580645
1.064999976195395
0.6579999852925539
0.8139999818056822
0.9454999788664281
1.1789999736472965
1.4624999673105776
1.293499971088022
0.8144999817945063
0.9359999790787696
0.917999979481101
0.9224999793805182
1.1914999733678997
1.0154999773018063
1.0159999772906303
0.8604999807663262
1.07649997593835
1.0194999772123992
1.049499976541847
0.8774999803863466
1.0614999762736261
0.9249999793246388
0.9094999796710909
0.902499979827553
1.2794999714009463
1.335999970138073
0.9809999780729413
1.1929999733343721
0.9149999795481563
1.0969999754801392
1.0719999760389327
0.7759999826550483
1.2149999728426337
1.1444999744184314
1.0389999767765403
1.0474999765865505
1.0039999775588513
0.8654999806545675
0.8579999808222055
0.8114999818615616
0.8574999808333814
1.0929999755695463
1.1474999743513763
1.3329999702051283
1.0354999768547715
1.0119999773800372
1.0164999772794545
0.9534999786876142
1.1529999742284418
1.4414999677799643
0.9244999793358147
0.944999978877604
1.0214999771676958
1.154499974194914
0.716499983984977
1.1354999746195973
0.9979999776929617
0.8479999810457229
1.0214999771676958
1.3114999706856907
1.3969999687746166
0.9899999778717756
1.0359999768435955
0.9264999792911113
1.1289999747648836
1.022499977145344
1.0519999764859675
1.0394999767653643
0.7339999835938216
1.0854999757371844
1.1134999751113355
1.0484999765641987
0.8624999807216227
1.401999968662858
1.1449999744072556
1.274499971512705
1.189499973412603
0.9404999789781868
1.2689999716356397
0.933499979134649
0.8409999812021851
1.3434999699704349
1.0759999759495258
1.006499977502972
0.840499981213361
0.8264999815262855
1.0664999761618674
1.0774999759159982
1.0314999769441784
1.0399999767541885
1.0854999757371844
0.8619999807327986
0.9064999797381461
1.0714999760501087
1.0864999757148326
1.052999976463616
0.9744999782182276
1.0274999770335853
0.8619999807327986
1.1479999743402005
1.0644999762065708
1.0164999772794545
1.2174999727867544
1.010499977413565
1.0364999768324197
0.8824999802745879
0.9019999798387289
0.7659999828785657
0.8929999800398946
1.1094999752007424
1.1224999749101698
1.142499974463135
0.960499978531152
0.9809999780729413
1.0599999763071537
1.0014999776147306
1.165499973949045
1.0014999776147306
1.0994999754242598
1.2559999719262123
1.060999976284802
1.060999976284802
1.0869999757036566
1.2139999728649855
1.1399999745190144
1.5549999652430415
1.1099999751895666
1.0324999769218266
1.1294999747537076
0.9239999793469906
1.0624999762512743
1.215499972831458
1.4584999673999846
1.2059999730437994
1.3489999698475004
1.154499974194914
1.2544999719597398
1.1829999735578896
1.0129999773576857
0.99899997767061
0.9649999784305692
1.2794999714009463
0.8724999804981053
1.3759999692440033
0.9049999797716737
0.987499977927655
1.2459999721497297
1.2414999722503126
1.1829999735578896
1.1724999737925828
1.0309999769553542
0.6899999845772982
1.1484999743290245
1.2269999725744127
0.9694999783299864
1.2639999717473984
1.3104999707080425
1.3314999702386558
1.0509999765083193
0.8384999812580645
1.2684999716468155
1.0199999772012234
1.2169999727979302
0.824999981559813
1.0699999760836363
1.1054999752901495
0.7199999839067459
1.014999977312982
1.816499959398061
1.1259999748319387
1.1559999741613864
1.0054999775253237
1.2679999716579915
1.227499972563237
1.2984999709762632
1.722999961487949
1.2284999725408852
1.4089999685063959
1.2284999725408852
1.2519999720156192
1.2839999713003636
1.320999970473349
1.052999976463616
1.3199999704957008
1.2544999719597398
0.8489999810233713
1.1134999751113355
1.3034999708645045
1.0984999754466116
1.3739999692887068
1.1374999745748937
1.4649999672546983
0.8494999810121954
1.1439999744296074
1.4629999672994018
1.2294999725185334
1.104499975312501
1.1954999732784928
1.0669999761506914
1.2024999731220305
1.4224999682046473
1.0509999765083193
0.7304999836720526
1.2444999721832573
0.8994999798946083
1.4199999682605267
0.8574999808333814
1.1974999732337892
1.0389999767765403
0.9249999793246388
1.351499969791621
1.076999975927174
1.219999972730875
1.1609999740496277
1.2794999714009463
1.3194999705068766
1.0314999769441784
1.014999977312982
1.5279999658465386
1.2979999709874392
0.9424999789334834
1.1744999737478792
1.3199999704957008
1.2249999726191163
1.0749999759718776
1.1004999754019082
1.1594999740831553
1.231999972462654
1.3659999694675207
1.242999972216785
1.2279999725520612
1.088499975670129
1.3619999695569276
1.4824999668635428
1.0824999758042395
1.146999974362552
1.3424999699927866
1.3774999692104757
1.2129999728873373
1.3114999706856907
1.6279999636113645
1.0994999754242598
1.1134999751113355
1.5089999662712217
1.0319999769330024
0.9409999789670109
1.2909999711439013
1.243499972205609
1.3219999704509973
1.0759999759495258
1.243499972205609
1.2534999719820916
1.0654999761842192
1.1919999733567237
0.9679999783635139
0.9249999793246388
1.475999967008829
1.5644999650306999
1.3694999693892895
1.2034999730996787
1.165499973949045
1.2834999713115394
1.1554999741725624
0.8859999801963567
1.3349999701604247
1.0744999759830534
1.0619999762624501
0.848499981034547
1.0939999755471945
1.1104999751783908
1.46399996727705
1.0159999772906303
0.7854999824427068
1.0944999755360185
1.045499976631254
1.417499968316406
0.9039999797940255
1.4844999668188392
1.3334999701939523
1.4534999675117433
1.2589999718591571
1.0559999763965606
1.2309999724850058
1.30899997074157
1.0219999771565198
1.2844999712891876
1.2879999712109567
0.8319999814033509
1.246999972127378
1.0759999759495258
0.9749999782070518
1.3339999701827765
1.1984999732114374
1.1874999734573066
0.9454999788664281
1.1184999749995768
1.1429999744519592
1.5289999658241868
1.0134999773465097
1.0739999759942294
1.238999972306192
1.0734999760054051
1.212499972898513
0.9789999781176448
1.1219999749213456
1.0089999774470926
1.1789999736472965
1.285499971266836
1.4869999667629599
1.2789999714121223
0.9454999788664281
1.0539999764412642
0.979999978095293
0.9189999794587493
1.238999972306192
1.146999974362552
1.3879999689757825
1.0229999771341682
1.3544999697245657
1.2649999717250466
1.1219999749213456
1.0654999761842192
1.4624999673105776
1.3394999700598418
1.3789999691769481
1.3719999693334102
1.1814999735914171
0.9789999781176448
1.2714999715797604
1.0544999764300882
0.9364999790675939
0.8894999801181257
1.5524999652989209
1.2409999722614884
1.080999975837767
1.1394999745301901
0.7734999827109277
0.9654999784193933
1.1844999735243618
0.9649999784305692
1.316999970562756
1.1414999744854868
1.0044999775476753
1.138499974552542
0.9654999784193933
0.944999978877604
1.1824999735690653
1.1479999743402005
1.2514999720267952
1.196499973256141
0.9734999782405793
0.8614999807439745
0.9884999779053032
1.2809999713674187
0.9374999790452421
1.2219999726861714
1.2569999719038605
1.1439999744296074
1.180999973602593
1.010499977413565
1.239499972295016
0.9889999778941274
0.8844999802298844
1.0859999757260084
0.8669999806210399
0.8779999803751707
1.0199999772012234
1.0869999757036566
1.3759999692440033
1.1919999733567237
1.30049997093156
1.1794999736361205
1.1554999741725624
1.3339999701827765
0.87549998043105
1.5319999657571315
0.9129999795928597
0.8929999800398946
0.9674999783746898
1.149999974295497
1.0514999764971436
0.9424999789334834
1.1484999743290245
1.0564999763853848
1.1409999744966626
1.130499974731356
1.2524999720044434
0.8074999819509685
1.1574999741278589
1.1444999744184314
1.157999974116683
1.2069999730214476
0.9229999793693423
1.246999972127378
1.1719999738037585
1.1784999736584723
1.1749999737367034
1.4239999681711197
1.0004999776370824
1.0799999758601189
1.1249999748542905
1.0864999757148326
1.0134999773465097
1.335499970149249
0.9344999791122973
1.2484999720938503
1.0504999765194953
1.2679999716579915
1.320499970484525
1.1799999736249447
1.8424999588169158
0.9109999796375632
1.2734999715350568
1.320499970484525
1.0469999765977263
1.2599999718368053
1.273999971523881
1.3409999700263142
0.9714999782852829
1.2129999728873373
1.7444999610073864
1.3949999688193202
1.1224999749101698
0.8719999805092812
1.2919999711215495
1.494999966584146
1.1909999733790755
1.3494999698363244
1.4424999677576125
1.041999976709485
1.1064999752677978
1.3114999706856907
1.1864999734796584
1.413499968405813
1.4034999686293304
1.4854999667964877
1.172999973781407
0.9754999781958759
0.936999979056418
1.45549996746704
1.069499976094812
0.8924999800510705
1.4689999671652914
1.180499973613769
1.0799999758601189
0.8824999802745879
1.0674999761395156
1.3334999701939523
1.0009999776259064
1.0114999773912132
1.215499972831458
1.398499968741089
1.1594999740831553
1.405999968573451
1.1419999744743108
1.417499968316406
1.0114999773912132
1.0074999774806201
1.1524999742396176
1.1144999750889837
1.5614999650977552
1.3139999706298113
0.9899999778717756
1.223999972641468
0.9679999783635139
1.2384999723173677
1.289999971166253
1.0584999763406813
0.8359999813139438
1.0049999775364995
1.0099999774247408
0.886999980174005
0.8734999804757535
0.8254999815486371
1.309499970730394
1.0174999772571027
1.026499977055937
1.026499977055937
1.2629999717697502
1.1289999747648836
1.1844999735243618
1.1174999750219285
1.1399999745190144
1.2869999712333082
1.2184999727644026
1.0814999758265913
1.0709999760612845
1.2449999721720815
1.4139999683946372
0.9399999789893627
0.9599999785423279
1.0234999771229922
1.038499976787716
1.1839999735355378
0.7989999821409584
1.6399999633431435
1.099999975413084
0.9359999790787696
0.8374999812804163
1.0889999756589532
1.2019999731332063
1.0934999755583703
1.0684999761171639
1.3364999701268971
1.038499976787716
1.2689999716356397
0.902499979827553
0.9624999784864485
1.2174999727867544
1.3844999690540134
0.6474999855272472
1.0094999774359166
1.207999972999096
0.9184999794699251
0.9994999776594341
1.1629999740049244
0.6959999844431877
1.161499974038452
1.0579999763518573
0.7424999834038317
0.7209999838843941
1.014999977312982
1.0944999755360185
0.8629999807104468
1.23149997247383
1.0194999772123992
1.312499970663339
0.9754999781958759
0.9729999782517552
0.9314999791793526
0.929499979224056
1.3199999704957008
1.1994999731890856
1.0044999775476753
1.0154999773018063
1.4344999679364263
1.3854999690316618
0.933499979134649
1.1504999742843212
1.1329999746754766
1.250999972037971
1.0099999774247408
1.0669999761506914
1.277999971434474
1.2524999720044434
1.2809999713674187
1.0549999764189124
0.9919999778270722
1.1944999733008443
1.1319999746978282
0.9619999784976244
0.8649999806657434
0.9159999795258045
1.3054999708198012
1.344499969948083
1.1854999735020102
1.0079999774694444
0.968499978352338
1.1669999739155172
0.8734999804757535
1.2969999710097908
0.9689999783411622
1.084499975759536
1.0484999765641987
0.886499980185181
1.0229999771341682
1.5789999647065998
1.1019999753683805
1.0159999772906303
0.8914999800734222
1.370999969355762
1.4469999676570295
1.192499973345548
1.3404999700374902
1.1414999744854868
1.1209999749436974
1.243499972205609
1.1744999737478792
1.0049999775364995
1.1104999751783908
0.9554999786429107
1.1444999744184314
1.037499976810068
1.1354999746195973
1.1364999745972455
0.9069999797269702
0.8664999806322158
1.119499974977225
1.215999972820282
1.142499974463135
1.1604999740608037
0.8479999810457229
1.3634999695234
1.069499976094812
1.2339999724179507
1.2214999726973474
1.134999974630773
0.9904999778605997
1.0484999765641987
1.3839999690651894
1.0569999763742088
1.1719999738037585
0.79799998216331
0.9044999797828496
1.1599999740719795
0.9379999790340662
0.7444999833591283
0.882999980263412
0.9739999782294035
0.9814999780617655
0.9414999789558351
0.7894999823532999
1.07649997593835
0.9714999782852829
1.0774999759159982
0.9484999787993729
0.9664999783970416
0.8659999806433916
1.0154999773018063
0.7389999834820629
1.0659999761730432
1.102999975346029
1.2479999721050263
1.1084999752230942
0.9049999797716737
0.8574999808333814
1.1089999752119184
0.9364999790675939
1.0074999774806201
0.8514999809674919
1.1324999746866524
0.8234999815933406
0.894499980006367
0.8494999810121954
1.0869999757036566
0.9344999791122973
0.9124999796040356
1.006999977491796
0.8894999801181257
0.7059999842196703
0.7314999836497009
1.0634999762289226
0.8624999807216227
0.9864999779500068
1.0254999770782889
0.9969999777153135
0.8994999798946083
1.3119999706745147
0.925499979313463
0.9844999779947102
0.7374999835155904
0.7344999835826457
0.9484999787993729
1.0524999764747918
1.0864999757148326
0.8109999818727374
1.1434999744407832
0.9389999790117145
1.1019999753683805
1.0164999772794545
0.7294999836944044
0.7844999824650586
0.92149997940287
0.7409999834373593
0.8489999810233713
1.029999976977706
0.8459999810904264
1.0909999756142497
0.8749999804422259
0.6359999857842922
0.9634999784640967
1.022499977145344
1.2489999720826745
0.8684999805875122
0.7879999823868274
0.8694999805651605
0.9834999780170619
0.8839999802410603
0.9559999786317348
0.9264999792911113
1.0134999773465097
0.9514999787323177
1.0944999755360185
0.7814999825321138
1.0894999756477772
1.1289999747648836
1.1759999737143516
0.9084999796934425
0.9199999794363976
0.9154999795369804
0.8429999811574816
1.0099999774247408
0.8684999805875122
0.801499982085079
1.041999976709485
0.8844999802298844
0.9259999793022871
1.246499972138554
0.8879999801516533
0.8389999812468887
1.0469999765977263
1.010499977413565
0.770999982766807
0.8579999808222055
1.0169999772682785
1.083999975770712
0.886499980185181
0.848499981034547
0.9924999778158963
0.7464999833144248
0.8139999818056822
0.6444999855943024
0.9779999781399965
0.99899997767061
1.0254999770782889
0.9839999780058861
1.2374999723397195
1.1719999738037585
0.8424999811686575
1.119499974977225
1.0249999770894647
1.0464999766089023
1.142499974463135
0.9439999788999558
0.8469999810680747
1.3099999707192183
1.0759999759495258
1.1139999751001597
1.0444999766536056
1.003499977570027
1.459999967366457
1.2284999725408852
1.2234999726526439
0.9224999793805182
1.0304999769665302
0.9039999797940255
0.9844999779947102
1.1934999733231961
1.123499974887818
0.8524999809451401
0.9999999776482582
1.1059999752789735
1.309499970730394
1.1599999740719795
1.2189999727532268
1.215999972820282
1.2149999728426337
1.1174999750219285
1.161999974027276
0.9659999784082174
1.1629999740049244
1.2324999724514782
1.1549999741837382
1.0514999764971436
1.3194999705068766
1.339999970048666
1.0709999760612845
1.3234999704174697
1.3804999691434205
0.9679999783635139
1.4119999684393405
1.5289999658241868
1.4424999677576125
1.3924999688751996
1.3479999698698522
1.3809999691322445
1.1674999739043415
1.1509999742731452
0.9924999778158963
1.0499999765306711
0.9624999784864485
1.838999958895147
1.3189999705180526
1.5114999662153423
1.2324999724514782
1.2214999726973474
1.2844999712891876
1.4034999686293304
1.2284999725408852
1.487499966751784
1.3539999697357417
1.0139999773353339
1.1224999749101698
1.0364999768324197
1.2884999711997807
1.1399999745190144
0.9579999785870313
1.653499963041395
1.2219999726861714
1.7004999619908632
1.3189999705180526
1.6044999641366302
1.3639999695122242
1.262499971780926
1.320999970473349
1.3039999708533287
1.3159999705851078
1.2284999725408852
1.2984999709762632
1.487499966751784
1.2599999718368053
1.4464999676682055
1.006499977502972
1.2689999716356397
1.1144999750889837
1.3849999690428376
1.1214999749325216
1.2324999724514782
1.177499973680824
1.3079999707639218
1.5734999648295342
1.301999970898032
1.3104999707080425
1.5584999651648104
1.4464999676682055
1.4619999673217534
1.4284999680705368
1.6784999624826014
1.5389999656006694
1.5349999656900764
1.192499973345548
1.3819999691098928
1.2104999729432167
1.309499970730394
1.1429999744519592
1.3744999692775308
1.3309999702498316
1.3609999695792794
1.5054999663494528
0.9414999789558351
1.440499967802316
1.1164999750442803
1.5744999648071825
1.180999973602593
1.6854999623261393
1.3764999692328275
1.4839999668300152
1.7669999605044722
1.4459999676793813
1.3309999702498316
1.1954999732784928
1.219999972730875
0.9944999777711928
1.6479999631643296
1.3844999690540134
1.6259999636560678
1.5014999664388597
1.5669999649748205
1.4304999680258335
1.393999968841672
1.3224999704398215
1.5289999658241868
1.7104999617673458
1.3614999695681036
1.2559999719262123
1.9024999574758112
1.223999972641468
1.6474999631755054
1.2979999709874392
1.5364999656565488
1.6494999631308018
1.5519999653100967
1.5584999651648104
1.4164999683387578
1.2384999723173677
1.5194999660365283
1.1154999750666321
1.5884999644942581
1.5719999648630618
1.3219999704509973
1.3954999688081444
1.6444999632425605
1.2984999709762632
1.5859999645501375
1.5864999645389617
1.7494999608956276
1.5704999648965896
1.5869999645277857
1.5674999649636447
2.014499954972416
1.1624999740161002
1.5384999656118452
1.4434999677352607
1.583999964594841
1.2689999716356397
1.5209999660030007
1.3154999705962838
1.6784999624826014
1.436999967880547
1.630999963544309
1.5614999650977552
1.355999969691038
1.4074999685399234
1.529999965801835
1.3734999692998826
2.0594999539665877
1.4634999672882258
1.6349999634549022
1.4854999667964877
1.343999969959259
1.4204999682493509
1.0899999756366014
1.567999964952469
1.7529999608173967
1.7794999602250754
1.421999968215823
1.6594999629072844
1.7594999606721102
1.835499958973378
1.5719999648630618
1.3339999701827765
1.668999962694943
1.3969999687746166
1.2209999727085232
1.168999973870814
1.7009999619796872
1.5104999662376941
1.6009999642148613
1.4939999666064978
1.4039999686181546
1.4319999679923057
1.3114999706856907
1.2214999726973474
1.6474999631755054
1.4424999677576125
1.5074999663047493
1.4244999681599437
1.4544999674893915
1.5704999648965896
1.292999971099198
1.8579999584704638
1.5074999663047493
1.513999966159463
1.7319999612867831
1.428999968059361
1.3789999691769481
1.45549996746704
2.060499953944236
1.200499973166734
1.7179999615997077
1.0559999763965606
1.188999973423779
1.3379999700933696
1.61899996381253
1.3339999701827765
1.3819999691098928
1.4259999681264162
1.246499972138554
1.533499965723604
1.7144999616779386
1.5664999649859965
1.4459999676793813
1.6064999640919269
1.5199999660253525
1.3384999700821936
1.3084999707527458
1.095499975513667
1.2029999731108547
1.3274999703280628
1.4804999669082464
1.2949999710544944
1.5824999646283686
1.4309999680146575
1.2719999715685844
1.541999965533614
1.6289999635890127
1.7029999619349838
1.1939999733120203
1.5779999647289515
1.6009999642148613
1.281499971356243
1.1624999740161002
1.4854999667964877
1.5999999642372131
1.7139999616891146
1.4344999679364263
1.692499962169677
1.4764999669976533
1.5479999653995038
1.61049996400252
1.0944999755360185
1.5379999656230212
1.358999969623983
1.2659999717026948
1.452499967534095
1.6799999624490738
1.7339999612420798
1.3349999701604247
1.6364999634213746
1.5509999653324484
1.2979999709874392
1.3179999705404044
1.3394999700598418
1.2019999731332063
1.5524999652989209
1.2294999725185334
1.8344999589957296
1.6984999620355665
1.5924999644048512
1.4119999684393405
1.54149996554479
1.537499965634197
1.3024999708868563
1.5669999649748205
1.2609999718144536
1.3904999689199031
1.6579999629408122
1.4734999670647084
1.3854999690316618
1.4849999668076634
1.28599997125566
1.3304999702610076
1.3364999701268971
1.738999961130321
1.901499957498163
1.5174999660812318
1.355499969702214
1.5789999647065998
1.4309999680146575
1.2874999712221324
1.5134999661706388
1.3334999701939523
1.6119999639689921
1.2839999713003636
1.9219999570399522
1.320499970484525
1.9049999574199319
1.661499962862581
1.1839999735355378
1.3859999690204858
1.7759999603033065
1.7899999599903822
1.5719999648630618
1.6699999626725912
1.502499966416508
1.6599999628961086
1.1954999732784928
1.5409999655559659
1.3789999691769481
1.4239999681711197
1.3954999688081444
1.359499969612807
1.3664999694563449
1.309499970730394
1.5784999647177755
1.1024999753572047
1.3394999700598418
1.6369999634101986
1.2794999714009463
1.2114999729208649
1.6864999623037875
1.7494999608956276
2.0149999549612403
1.459999967366457
1.5454999654553832
1.1904999733902515
1.4504999675787986
1.370499969366938
1.4044999686069786
1.309499970730394
1.146499974373728
2.0894999532960354
1.4784999669529497
1.9494999564252793
1.293499971088022
1.4389999678358436
1.3764999692328275
1.5384999656118452
1.2919999711215495
1.5344999657012521
1.3264999703504146
1.5454999654553832
1.2454999721609057
1.4959999665617942
1.4109999684616923
1.3879999689757825
1.339999970048666
1.440499967802316
1.5324999657459557
1.5694999649189412
1.6369999634101986
1.575499964784831
1.6799999624490738
1.4024999686516821
1.188999973423779
1.5094999662600457
1.444499967712909
1.943999956548214
1.2379999723285438
1.231999972462654
1.5714999648742378
1.533499965723604
1.5779999647289515
1.2794999714009463
1.5894999644719063
1.5154999661259354
1.4539999675005675
2.2489999497309325
1.5119999662041663
1.3919999688863753
1.312499970663339
1.370999969355762
1.8949999576434493
1.2139999728649855
1.2334999724291265
1.4139999683946372
1.603499964158982
1.4609999673441052
1.1409999744966626
1.1819999735802411
1.4284999680705368
0.9789999781176448
1.3029999708756805
1.277999971434474
1.2789999714121223
0.9959999777376651
1.4494999676011502
1.1174999750219285
1.487499966751784
1.478999966941774
1.6059999641031026
1.5014999664388597
0.8299999814480543
1.2144999728538095
1.4349999679252505
1.642499963287264
1.5944999643601476
1.397999968752265
1.5174999660812318
1.4769999669864773
1.3199999704957008
1.5269999658688902
1.4734999670647084
1.332499970216304
1.083999975770712
1.9424999565817416
1.6169999638572334
1.2094999729655682
1.5249999659135938
1.3364999701268971
1.1079999752342702
1.7629999605938793
1.4279999680817128
1.614999963901937
1.6589999629184604
1.15399997420609
1.1024999753572047
1.4624999673105776
1.4739999670535326
1.6474999631755054
1.2454999721609057
1.20849997298792
1.1414999744854868
1.033999976888299
1.3074999707750976
1.1939999733120203
1.060999976284802
1.529999965801835
1.3844999690540134
1.123499974887818
1.1329999746754766
1.6844999623484909
1.4689999671652914
1.1844999735243618
1.4609999673441052
0.9519999787211418
1.447999967634678
1.3814999691210688
1.3744999692775308
1.6059999641031026
1.490499966684729
1.2104999729432167
1.7179999615997077
1.2924999711103737
1.7494999608956276
1.6254999636672438
0.9859999779611825
1.130499974731356
1.1489999743178487
1.599499964248389
1.5269999658688902
1.5149999661371112
1.2384999723173677
1.103499975334853
1.835999958962202
1.4194999682717024
1.2249999726191163
1.6974999620579183
1.1179999750107528
1.266499971691519
1.0554999764077366
1.394499968830496
1.2209999727085232
1.436499967891723
1.3144999706186353
1.3619999695569276
1.119499974977225
0.7579999830573797
0.913999979570508
1.1749999737367034
1.3074999707750976
1.703999961912632
1.0124999773688614
1.095499975513667
1.541999965533614
1.277999971434474
1.4419999677687882
1.2614999718032778
0.9649999784305692
1.3509999698027968
1.6749999625608325
1.9544999563135206
1.429499968048185
1.2689999716356397
1.5004999664612115
1.3459999699145555
1.5319999657571315
0.9669999783858657
1.58749996451661
1.1409999744966626
1.5404999655671419
1.362999969534576
0.8794999803416431
1.4539999675005675
1.2134999728761613
1.3974999687634408
1.258499971870333
1.5434999655000865
1.3789999691769481
1.2099999729543924
1.5089999662712217
1.0404999767430128
1.8584999584592878
1.3129999706521631
1.5619999650865792
0.9474999788217247
1.3499999698251486
1.1769999736919998
1.4544999674893915
1.0829999757930637
1.3699999693781137
1.7404999610967935
1.5879999645054341
1.2329999724403025
1.4074999685399234
1.1204999749548734
1.1319999746978282
1.483499966841191
1.3544999697245657
1.1054999752901495
1.5869999645277857
1.38649996900931
1.138499974552542
2.2604999494738878
1.2144999728538095
1.2879999712109567
1.1909999733790755
1.1949999732896686
1.2514999720267952
1.2149999728426337
1.1104999751783908
1.1564999741502107
1.3564999696798623
1.104499975312501
1.2404999722726644
1.4884999667294323
1.7399999611079693
1.2959999710321426
1.1649999739602208
1.4139999683946372
1.7139999616891146
1.4799999669194221
1.2694999716244637
0.9624999784864485
1.1144999750889837
1.4854999667964877
1.080499975848943
1.099999975413084
1.5624999650754035
1.6639999628067017
1.242999972216785
1.4454999676905573
0.9964999777264893
1.6514999630860985
1.44099996779114
0.9539999786764384
1.614999963901937
1.2634999717585742
1.2479999721050263
1.0749999759718776
1.277999971434474
1.1829999735578896
1.1724999737925828
1.2984999709762632
1.2424999722279608
1.1394999745301901
1.2809999713674187
1.4569999674335121
1.3659999694675207
1.1529999742284418
0.8574999808333814
1.1704999738372863
1.5579999651759864
1.2029999731108547
0.9574999785982072
1.1449999744072556
1.1974999732337892
1.4204999682493509
1.1839999735355378
0.9459999788552522
1.5439999654889107
1.4179999683052302
1.172999973781407
1.2749999715015292
1.1949999732896686
1.4694999671541153
1.397999968752265
1.2704999716021121
1.2029999731108547
1.1129999751225115
1.006499977502972
1.370999969355762
1.4894999667070805
1.3584999696351587
0.762999982945621
1.0469999765977263
1.4314999680034817
1.3034999708645045
1.3304999702610076
1.4699999671429396
1.788999960012734
1.3679999694228173
1.6084999640472233
1.1094999752007424
1.7554999607615174
1.0619999762624501
1.312499970663339
1.0784999758936464
1.1959999732673168
1.2299999725073576
0.6409999856725335
1.3369999701157211
1.560499965120107
1.2499999720603228
1.5924999644048512
1.591499964427203
1.2059999730437994
1.4939999666064978
0.963999978452921
0.8759999804198741
1.258499971870333
0.9129999795928597
1.0314999769441784
1.301499970909208
1.1999999731779099
1.3664999694563449
1.1324999746866524
1.4169999683275818
1.037999976798892
0.8044999820180238
1.549499965365976
1.231999972462654
1.1284999747760593
1.3764999692328275
0.8204999816603958
1.792999959923327
1.506499966327101
1.831499959062785
1.5669999649748205
1.122999974898994
1.5454999654553832
1.2769999714568256
1.5614999650977552
1.188999973423779
1.7269999613985418
1.568499964941293
1.2219999726861714
1.4659999672323465
1.5669999649748205
1.1509999742731452
1.0774999759159982
1.7404999610967935
1.4589999673888088
1.5504999653436244
1.4519999675452708
1.5059999663382768
1.8184999593533575
1.1999999731779099
1.4539999675005675
1.2264999725855887
1.370499969366938
1.3364999701268971
1.8184999593533575
1.5944999643601476
1.8439999587833882
1.4209999682381749
1.2414999722503126
1.1279999747872353
2.0379999544471503
1.5594999651424586
1.3604999695904554
2.3334999478422107
1.2224999726749957
1.301999970898032
0.8854999802075326
1.0734999760054051
1.7024999619461596
0.7854999824427068
1.3304999702610076
1.3739999692887068
1.3009999709203839
1.8299999590963125
1.6314999635331333
1.5344999657012521
0.9774999781511724
1.1824999735690653
1.126499974820763
1.4454999676905573
1.478999966941774
1.30899997074157
1.1909999733790755
1.2799999713897705
0.9724999782629311
1.5224999659694731
1.758499960694462
1.8449999587610364
1.111499975156039
0.902499979827553
1.1569999741390347
1.378499969188124
1.850999958626926
1.3364999701268971
1.5729999648407103
1.4244999681599437
1.2984999709762632
1.0004999776370824
1.5924999644048512
1.1819999735802411
0.9239999793469906
1.3269999703392386
1.3104999707080425
1.0444999766536056
0.8714999805204571
1.5664999649859965
1.1329999746754766
0.9129999795928597
1.4609999673441052
1.4359999679028987
1.6624999628402293
1.351499969791621
0.8654999806545675
1.3744999692775308
1.2264999725855887
1.002999977581203
1.3654999694786967
1.119499974977225
1.2939999710768462
1.0684999761171639
1.2574999718926847
0.9804999780841172
1.146999974362552
1.168999973870814
1.0214999771676958
1.102999975346029
1.2019999731332063
1.3319999702274798
0.8714999805204571
1.010499977413565
1.0964999754913152
1.1339999746531249
0.8734999804757535
1.328499970305711
1.4424999677576125
0.9539999786764384
1.200499973166734
0.886999980174005
0.7704999827779829
1.0524999764747918
1.1764999737031758
1.099999975413084
1.3664999694563449
1.5039999663829804
0.7079999841749668
0.8479999810457229
1.1874999734573066
1.0139999773353339
0.9479999788105488
0.8234999815933406
1.2194999727420508
0.8859999801963567
1.0099999774247408
1.421999968215823
1.1359999746084213
0.8394999812357128
1.1604999740608037
1.4399999678134918
1.2349999723955989
1.2364999723620713
1.0634999762289226
1.2479999721050263
1.5619999650865792
1.1019999753683805
0.9059999797493219
1.1839999735355378
1.2114999729208649
0.8634999806992709
1.2269999725744127
1.351999969780445
1.258499971870333
1.060499976295978
1.1494999743066727
0.8889999801293016
1.0699999760836363
1.177499973680824
1.1019999753683805
0.8354999813251197
1.4979999665170909
1.2264999725855887
1.0899999756366014
1.1449999744072556
0.557499987538904
1.5289999658241868
0.7854999824427068
1.30899997074157
1.0524999764747918
0.7679999828338623
0.9744999782182276
0.890999980084598
1.2544999719597398
1.188999973423779
0.8289999814704061
1.6184999638237059
0.9029999798163771
1.0624999762512743
1.1014999753795565
1.3069999707862734
1.5349999656900764
1.104499975312501
1.5999999642372131
1.2489999720826745
1.060499976295978
1.579999964684248
1.0334999768994748
1.1609999740496277
0.9934999777935445
1.3179999705404044
1.5019999664276837
1.1224999749101698
0.9599999785423279
1.0849999757483602
1.083999975770712
1.1859999734908342
1.1769999736919998
1.7284999613650143
1.2304999724961818
1.4299999680370092
1.3974999687634408
1.525499965902418
1.3189999705180526
1.3114999706856907
1.1929999733343721
1.1844999735243618
1.1404999745078386
1.630499963555485
1.1879999734461308
1.9754999558441342
1.3844999690540134
1.3839999690651894
1.4679999671876431
0.9494999787770212
1.6834999623708427
1.4299999680370092
1.07649997593835
1.1664999739266932
1.1719999738037585
0.6844999847002328
1.0714999760501087
1.4844999668188392
1.0584999763406813
1.3254999703727663
1.3684999694116413
1.2479999721050263
1.2964999710209668
1.475499967020005
0.9514999787323177
1.2774999714456499
1.2614999718032778
1.6669999627396463
1.3739999692887068
1.3524999697692692
1.4784999669529497
1.3434999699704349
1.2424999722279608
1.5309999657794833
1.3264999703504146
1.1769999736919998
1.2629999717697502
1.4474999676458538
1.7989999597892166
1.0229999771341682
1.5094999662600457
1.6004999642260374
1.553499965276569
1.3754999692551793
1.1339999746531249
1.238999972306192
1.2119999729096889
1.1414999744854868
1.1814999735914171
1.5454999654553832
1.3489999698475004
1.3304999702610076
1.184999973513186
1.3394999700598418
1.2459999721497297
1.707499961834401
1.1769999736919998
1.7214999615214766
1.3999999687075615
1.4414999677799643
1.2404999722726644
1.4074999685399234
1.2034999730996787
1.6479999631643296
1.7529999608173967
1.8044999596662818
1.668999962694943
1.4104999684728683
1.529999965801835
1.6774999625049531
1.1444999744184314
1.370499969366938
1.5614999650977552
1.30899997074157
1.154499974194914
1.9589999562129379
1.3174999705515802
1.51849996605888
1.6749999625608325
1.8674999582581222
1.4739999670535326
2.520999943651259
1.9029999574646355
1.955499956291169
1.2599999718368053
2.010499955061823
1.912999957241118
1.746499960962683
1.4844999668188392
1.87449995810166
1.502499966416508
1.774499960336834
1.6359999634325504
1.5404999655671419
1.943999956548214
1.8014999597333372
1.6779999624937774
1.2794999714009463
2.094999953173101
1.7844999601133167
1.2144999728538095
1.6184999638237059
1.7089999618008733
1.278499971423298
2.0639999538660048
1.4539999675005675
1.4529999675229193
1.7454999609850348
1.3649999694898725
1.9394999566487967
1.238999972306192
2.307499948423356
1.2089999729767442
1.4504999675787986
1.30049997093156
1.7479999609291554
1.475499967020005
1.4764999669976533
1.5849999645724893
1.9239999569952488
1.8989999575540424
1.1589999740943313
1.591499964427203
0.9664999783970416
1.2994999709539115
1.7319999612867831
1.6814999624155462
1.5549999652430415
1.7754999603144825
1.8514999586157501
1.4924999666400254
1.4944999665953218
1.5429999655112625
1.1504999742843212
1.3479999698698522
1.5424999655224383
1.4004999686963857
1.4684999671764671
1.6329999634996057
1.3189999705180526
1.5314999657683075
1.4539999675005675
1.591499964427203
1.0979999754577876
1.502499966416508
2.1594999517314135
1.548999965377152
1.5249999659135938
1.5029999664053322
1.4499999675899744
1.362999969534576
1.3464999699033797
1.9239999569952488
1.3714999693445862
1.9579999562352897
1.6634999628178775
1.4269999681040644
1.339999970048666
1.7704999604262412
1.730999961309135
1.68799996227026
1.517999966070056
1.800499959755689
1.5499999653548002
1.1104999751783908
1.7979999598115683
1.3564999696798623
1.5459999654442071
1.6719999626278876
1.839999958872795
1.6089999640360475
1.9974999553523958
1.560499965120107
1.912999957241118
1.549499965365976
1.4474999676458538
1.4224999682046473
1.6979999620467425
1.3109999706968665
2.2479999497532845
1.84299995880574
1.8774999580346048
1.219999972730875
1.6299999635666609
2.018999954871833
1.4074999685399234
1.6584999629296362
1.835499958973378
2.0354999545030297
1.4234999681822955
1.4414999677799643
1.1059999752789735
1.4359999679028987
1.6174999638460577
1.3904999689199031
1.6654999627731741
2.2234999503009023
1.8934999576769769
0.7679999828338623
1.676499962527305
1.8574999584816396
1.979499955754727
1.3274999703280628
1.3139999706298113
2.2569999495521187
1.6394999633543192
1.7499999608844519
1.3564999696798623
1.61049996400252
1.2484999720938503
1.5319999657571315
2.0039999552071093
1.8724999581463635
1.8499999586492777
2.281499949004501
1.3304999702610076
2.328999947942793
1.591499964427203
2.556499942857772
1.5504999653436244
1.5094999662600457
1.9834999556653201
1.912999957241118
1.1704999738372863
2.286499948892742
1.4164999683387578
1.4034999686293304
1.3184999705292284
1.8179999593645335
1.9764999558217824
1.774499960336834
1.7779999602586032
1.2799999713897705
1.8804999579675497
1.9179999571293593
1.320999970473349
1.5164999661035836
1.99799995534122
1.6069999640807509
1.5944999643601476
1.7454999609850348
1.5314999657683075
1.5479999653995038
1.4374999678693712
1.630499963555485
1.4379999678581954
1.4689999671652914
1.8959999576210975
1.816999959386885
1.5264999658800662
1.7764999602921308
1.727499961387366
1.8074999595992267
1.5709999648854136
1.1209999749436974
1.393999968841672
1.2369999723508953
1.8414999588392675
1.6219999637454747
1.5464999654330314
1.7609999606385827
1.8849999578669667
1.4114999684505165
1.6494999631308018
2.183499951194972
1.6179999638348819
1.69649996208027
1.9884999555535614
1.6709999626502394
1.8054999596439303
1.602999964170158
1.2574999718926847
1.8809999579563736
1.6234999637119472
1.672999962605536
2.110499952826649
1.2944999710656702
1.7184999615885317
1.6469999631866812
1.3854999690316618
1.800499959755689
2.2829999489709736
1.7669999605044722
1.4044999686069786
1.2144999728538095
1.9529999563470484
1.475999967008829
1.8264999591745437
1.8074999595992267
1.0039999775588513
1.7169999616220593
2.0549999540671706
1.2539999719709158
2.2289999501779674
1.8464999587275088
2.2284999501891436
1.9224999570287764
1.7989999597892166
1.7344999612309038
1.715999961644411
2.0519999541342258
2.048999954201281
2.424999945797026
1.6994999620132147
1.7829999601468445
1.3679999694228173
1.792999959923327
1.7614999606274069
1.355499969702214
1.3754999692551793
1.7429999610409141
1.6044999641366302
1.8554999585263432
1.8064999596215785
2.0669999537989496
1.2709999715909361
1.9079999573528768
1.6749999625608325
1.653499963041395
1.7984999598003923
1.3289999702945352
1.3809999691322445
1.7329999612644316
0.7509999832138419
1.7799999602138996
1.7454999609850348
1.5289999658241868
1.7869999600574373
1.4629999672994018
2.181499951239675
2.0459999542683365
1.4324999679811299
2.02099995482713
1.7384999611414969
1.688499962259084
1.5944999643601476
1.196999973244965
1.7664999605156482
1.3719999693334102
1.4624999673105776
0.9049999797716737
1.4279999680817128
1.5279999658465386
1.715999961644411
1.560499965120107
1.0929999755695463
1.5974999642930925
1.312499970663339
1.3829999690875412
1.1864999734796584
1.487499966751784
1.2839999713003636
0.9424999789334834
1.1974999732337892
0.9509999787434935
1.2329999724403025
1.8619999583810567
1.6079999640583993
1.634499963466078
1.4969999665394425
1.5949999643489718
1.1279999747872353
1.6324999635107815
1.5459999654442071
1.2374999723397195
1.7489999609068037
1.401999968662858
1.6549999630078673
1.5884999644942581
1.525499965902418
1.6354999634437264
1.1059999752789735
1.3419999700039624
0.9934999777935445
1.556499965209514
1.1789999736472965
1.069499976094812
0.9579999785870313
1.475499967020005
1.2649999717250466
1.3479999698698522
1.6244999636895954
1.4284999680705368
1.207999972999096
1.3904999689199031
1.0659999761730432
1.0539999764412642
1.6184999638237059
1.3264999703504146
1.5319999657571315
1.1299999747425318
0.902499979827553
1.1474999743513763
1.328499970305711
1.2069999730214476
1.4344999679364263
1.0544999764300882
1.4609999673441052
1.3459999699145555
1.177499973680824
1.134999974630773
1.1504999742843212
1.080999975837767
1.7909999599680304
1.2179999727755786
1.5209999660030007
1.5289999658241868
1.3779999691993
0.9404999789781868
1.3919999688863753
1.0869999757036566
1.169999973848462
1.266499971691519
1.1294999747537076
1.2219999726861714
1.5009999664500355
1.1884999734349548
1.386999968998134
1.2059999730437994
1.1919999733567237
1.46399996727705
1.7569999607279896
1.2379999723285438
1.5294999658130108
1.6704999626614154
0.9824999780394137
1.146999974362552
1.200499973166734
1.4389999678358436
1.200499973166734
1.7834999601356685
1.405499968584627
1.6594999629072844
1.3684999694116413
1.1789999736472965
2.3254999480210246
1.1714999738149345
1.1779999736696483
0.9074999797157943
1.378499969188124
1.3934999688528478
1.1174999750219285
1.0639999762177468
0.8129999818280339
0.7894999823532999
1.517999966070056
1.0799999758601189
1.4634999672882258
1.2954999710433186
1.2639999717473984
1.2729999715462328
1.3329999702051283
0.7789999825879932
1.3989999687299133
1.5689999649301172
1.2309999724850058
1.2474999721162021
1.4934999666176736
1.5869999645277857
1.1879999734461308
1.2049999730661511
1.238999972306192
1.1644999739713966
1.3194999705068766
1.006999977491796
0.9899999778717756
1.3384999700821936
1.715999961644411
1.2119999729096889
0.9734999782405793
1.4379999678581954
1.5174999660812318
1.1104999751783908
1.3624999695457518
1.029999976977706
1.4509999675676226
1.696999962069094
1.436499967891723
1.5554999652318657
1.951499956380576
1.2229999726638199
1.417499968316406
1.2724999715574086
1.0084999774582684
1.0939999755471945
1.149999974295497
1.3744999692775308
1.2054999730549754
1.0979999754577876
1.5719999648630618
1.5349999656900764
1.7129999617114664
1.123499974887818
1.5579999651759864
1.0004999776370824
0.8879999801516533
1.080999975837767
1.2894999711774289
1.6259999636560678
1.8464999587275088
1.936999956704676
1.2534999719820916
1.3799999691545963
1.3349999701604247
1.6139999639242888
1.4959999665617942
1.3129999706521631
1.0314999769441784
1.045999976620078
1.475999967008829
1.5369999656453728
0.6704999850131571
1.5474999654106796
1.873999958112836
1.297499970998615
0.886499980185181
1.4449999677017331
1.1439999744296074
2.0399999544024467
1.525999965891242
1.0319999769330024
0.8529999809339642
1.1279999747872353
1.0659999761730432
1.0929999755695463
1.0554999764077366
1.1099999751895666
1.4799999669194221
1.0329999769106508
1.3314999702386558
1.2439999721944333
1.4889999667182565
1.0919999755918979
1.324499970395118
1.3289999702945352
1.0674999761395156
1.2984999709762632
1.1979999732226134
1.4504999675787986
1.273999971523881
1.4539999675005675
1.3224999704398215
1.7109999617561698
1.2284999725408852
1.2329999724403025
1.7554999607615174
1.1504999742843212
1.5689999649301172
1.7024999619461596
1.2379999723285438
1.4239999681711197
1.4589999673888088
1.6889999622479082
1.2089999729767442
1.309499970730394
1.2284999725408852
1.4574999674223363
1.6179999638348819
1.0579999763518573
1.235999972373247
1.3994999687187373
1.1169999750331043
0.9794999781064689
1.3454999699257315
1.5399999655783176
1.3729999693110586
1.5644999650306999
1.246999972127378
1.374999969266355
1.5129999661818148
1.6794999624602496
1.970499955955893
1.482999966852367
1.1474999743513763
1.1049999753013253
1.6079999640583993
1.8334999590180814
1.7789999602362514
1.850499958638102
1.2069999730214476
1.3459999699145555
1.7564999607391656
1.7344999612309038
1.3574999696575105
1.0579999763518573
0.8144999817945063
1.847499958705157
1.3494999698363244
0.995499977748841
1.3069999707862734
1.1994999731890856
1.6814999624155462
1.358999969623983
1.0169999772682785
1.6134999639354646
1.4089999685063959
1.6154999638907612
1.4739999670535326
1.3199999704957008
1.7359999611973762
1.1719999738037585
1.8619999583810567
2.0469999542459845
1.4604999673552812
1.4914999666623772
0.9439999788999558
1.6039999641478062
1.5734999648295342
1.5159999661147594
1.1789999736472965
1.6039999641478062
1.4969999665394425
1.114999975077808
1.3179999705404044
1.2729999715462328
0.7309999836608767
1.2139999728649855
1.134999974630773
1.6024999641813338
1.2709999715909361
1.4474999676458538
0.9374999790452421
1.3264999703504146
0.8854999802075326
1.521999965980649
1.0394999767653643
1.2334999724291265
1.1839999735355378
1.2909999711439013
1.6524999630637467
1.0079999774694444
1.3189999705180526
1.74249996105209
0.8879999801516533
1.3054999708198012
1.0674999761395156
1.4344999679364263
1.1054999752901495
0.9934999777935445
1.614999963901937
1.3054999708198012
1.3774999692104757
1.2519999720156192
2.17599995136261
1.2139999728649855
1.7909999599680304
1.69649996208027
1.2294999725185334
1.154499974194914
1.165999973937869
1.095499975513667
1.3134999706409871
1.4169999683275818
1.4739999670535326
1.2164999728091062
1.1829999735578896
0.9679999783635139
1.2539999719709158
1.2534999719820916
1.347499969881028
1.231999972462654
0.987499977927655
1.3809999691322445
1.6449999632313848
1.4634999672882258
1.5594999651424586
1.1369999745860695
1.9194999570958315
1.5634999650530517
1.436999967880547
1.3634999695234
1.5699999649077654
1.0674999761395156
1.4884999667294323
1.4379999678581954
1.7289999613538385
1.7499999608844519
1.3994999687187373
2.0244999547488987
1.433499967958778
1.591999964416027
1.5949999643489718
1.5779999647289515
1.46399996727705
1.490999966673553
1.0644999762065708
1.5134999661706388
1.4024999686516821
1.4914999666623772
0.8834999802522361
1.6059999641031026
1.1959999732673168
1.7724999603815377
1.328499970305711
1.8149999594315886
1.292999971099198
1.060499976295978
1.2734999715350568
1.8309999590739607
1.4964999665506185
1.3659999694675207
1.455999967455864
1.1399999745190144
1.204499973077327
1.4619999673217534
1.168999973870814
1.246999972127378
1.3054999708198012
1.982499955687672
1.285499971266836
1.3109999706968665
1.2184999727644026
1.6819999624043702
1.556499965209514
0.7834999824874103
1.3764999692328275
1.7924999599345028
1.6079999640583993
2.052999954111874
1.8094999595545231
1.3269999703392386
1.158499974105507
1.758499960694462
2.1929999509826303
1.3344999701716005
1.6604999628849328
1.2709999715909361
1.355999969691038
1.3139999706298113
1.1274999747984111
1.1784999736584723
1.5249999659135938
1.1224999749101698
1.443999967724085
1.6719999626278876
1.53299996573478
1.7499999608844519
1.3724999693222344
0.7234999838285148
1.1049999753013253
1.2494999720714985
1.5404999655671419
1.6394999633543192
1.3774999692104757
1.602999964170158
1.242999972216785
1.1564999741502107
1.2179999727755786
1.4734999670647084
1.5389999656006694
1.2724999715574086
1.254999971948564
1.4004999686963857
1.3684999694116413
1.3624999695457518
1.5794999646954238
1.6439999632537365
1.5224999659694731
1.7209999615326523
1.1724999737925828
1.433499967958778
1.30049997093156
1.4854999667964877
0.7749999826774001
1.3929999688640238
1.4359999679028987
1.0154999773018063
1.1749999737367034
1.66499996278435
1.6434999632649123
1.4359999679028987
0.9364999790675939
1.1714999738149345
1.7224999614991248
1.1244999748654663
0.9614999785088003
1.320499970484525
1.0409999767318368
1.2214999726973474
0.9054999797604978
1.2439999721944333
1.1664999739266932
1.3859999690204858
1.3764999692328275
1.9219999570399522
0.5469999877735973
1.9104999572969974
1.8749999580904841
1.1364999745972455
1.4679999671876431
1.3189999705180526
1.2919999711215495
1.2654999717138709
0.9984999776817858
1.0174999772571027
1.4894999667070805
1.0164999772794545
1.2919999711215495
1.77399996034801
1.192499973345548
1.5964999643154443
1.4514999675564468
1.7224999614991248
1.4189999682828784
1.6039999641478062
1.7209999615326523
1.0079999774694444
1.1479999743402005
1.471499967109412
1.548999965377152
1.3329999702051283
1.89749995758757
1.9219999570399522
1.6639999628067017
0.8814999802969397
1.2299999725073576
1.1829999735578896
0.9724999782629311
1.2849999712780118
0.9634999784640967
1.1164999750442803
1.672999962605536
1.676499962527305
0.7024999842979014
1.1799999736249447
1.6889999622479082
0.8704999805428087
1.15399997420609
1.7589999606832862
1.1879999734461308
1.2554999719373883
1.277999971434474
1.5979999642819167
1.2234999726526439
2.0164999549277125
1.448499967623502
1.0044999775476753
1.0134999773465097
1.1514999742619694
1.8834999579004943
0.7439999833703042
1.1939999733120203
1.3304999702610076
1.723499961476773
0.9819999780505896
1.3464999699033797
1.6914999621920288
1.5774999647401273
1.4069999685510992
1.3079999707639218
0.9439999788999558
1.1519999742507934
0.960499978531152
1.0869999757036566
1.2914999711327255
1.114999975077808
1.4259999681264162
1.301499970909208
1.2339999724179507
1.5574999651871622
1.2894999711774289
1.6169999638572334
1.444499967712909
1.1439999744296074
1.576999964751303
1.172999973781407
1.467499967198819
1.2754999714903534
1.5779999647289515
1.4204999682493509
1.5399999655783176
0.7774999826215208
1.9194999570958315
0.704999984242022
1.552999965287745
1.2029999731108547
0.8614999807439745
1.0994999754242598
1.4094999684952199
0.9759999781847
0.7369999835267663
1.2289999725297094
1.2094999729655682
1.0984999754466116
1.1989999732002616
1.0079999774694444
1.7224999614991248
0.8974999799393117
1.3224999704398215
1.5409999655559659
1.4104999684728683
1.1279999747872353
1.188999973423779
0.8479999810457229
1.3489999698475004
1.351499969791621
1.475999967008829
1.1004999754019082
1.3289999702945352
1.2714999715797604
1.5634999650530517
1.494999966584146
1.5159999661147594
1.1094999752007424
1.3404999700374902
1.3264999703504146
1.668999962694943
1.3649999694898725
1.4919999666512012
1.0579999763518573
1.3724999693222344
1.6724999626167119
1.1509999742731452
1.2839999713003636
1.2604999718256296
1.552999965287745
1.8094999595545231
1.6719999626278876
1.4739999670535326
1.8954999576322735
1.3934999688528478
1.1494999743066727
1.6679999627172948
1.5399999655783176
1.2964999710209668
1.838999958895147
1.266499971691519
1.1474999743513763
1.6604999628849328
1.2074999730102718
1.0634999762289226
1.3154999705962838
1.649999963119626
1.9709999559447169
1.2214999726973474
1.1014999753795565
1.8909999577328562
1.8554999585263432
0.9244999793358147
1.2299999725073576
1.436999967880547
1.3009999709203839
1.510999966226518
1.1289999747648836
1.5444999654777347
1.3894999689422547
0.7674999828450382
1.4589999673888088
1.5314999657683075
0.9804999780841172
1.2734999715350568
1.5949999643489718
1.436499967891723
1.9009999575093388
0.9689999783411622
1.0989999754354358
1.2794999714009463
1.0369999768212437
1.4859999667853117
1.3634999695234
1.017999977245927
1.5654999650083483
1.5074999663047493
1.6129999639466406
1.1169999750331043
1.1899999734014273
1.5834999646060168
1.3084999707527458
1.304999970830977
1.6244999636895954
0.9084999796934425
1.5764999647624791
0.9999999776482582
1.1904999733902515
1.6599999628961086
1.1094999752007424
1.0749999759718776
1.277999971434474
0.8794999803416431
1.560499965120107
1.3599999696016312
1.5439999654889107
1.7214999615214766
1.6949999621137977
1.0979999754577876
1.7149999616667628
1.1134999751113355
1.482999966852367
1.224499972630292
1.7319999612867831
1.0354999768547715
1.0284999770112335
1.4299999680370092
1.2139999728649855
1.0614999762736261
1.5634999650530517
0.9349999791011214
1.5854999645613135
1.3129999706521631
0.8314999814145267
0.8849999802187085
1.3254999703727663
1.1124999751336873
1.6294999635778367
1.5364999656565488
1.610999963991344
1.525499965902418
1.250999972037971
0.9984999776817858
1.4194999682717024
1.2704999716021121
1.405999968573451
1.3329999702051283
1.6204999637790025
1.3159999705851078
1.2924999711103737
1.9844999556429683
0.7839999824762345
1.6684999627061188
1.4469999676570295
1.2824999713338912
1.0674999761395156
1.1879999734461308
1.8539999585598708
1.2254999726079405
1.359499969612807
1.6719999626278876
1.7869999600574373
1.4839999668300152
1.6894999622367322
1.1719999738037585
1.5399999655783176
1.037499976810068
1.3654999694786967
1.533499965723604
1.4074999685399234
1.9044999574311077
1.3534999697469174
1.1129999751225115
1.2704999716021121
2.0279999546706677
1.4664999672211707
1.3069999707862734
1.301999970898032
1.344499969948083
1.7239999614655972
1.332499970216304
1.7569999607279896
1.5849999645724893
1.7219999615103005
1.433499967958778
1.510999966226518
1.1459999743849039
1.277999971434474
1.4354999679140747
1.6844999623484909
1.3294999702833592
1.657499962951988
1.4689999671652914
1.1124999751336873
1.5559999652206897
1.215499972831458
1.2869999712333082
1.4814999668858946
1.5174999660812318
1.4804999669082464
1.9604999561794103
1.3214999704621733
1.7359999611973762
1.2479999721050263
1.772999960370362
1.2879999712109567
1.2609999718144536
2.041499954368919
1.6609999628737568
1.212499972898513
1.5929999643936754
1.5504999653436244
2.3794999468140303
1.652999963052571
1.6549999630078673
1.575999964773655
1.7709999604150652
1.301999970898032
1.8749999580904841
1.7379999611526729
1.6654999627731741
1.2454999721609057
1.6274999636225402
1.7944999598897993
1.4919999666512012
1.6469999631866812
1.727499961387366
1.8524999585933983
1.3924999688751996
1.9044999574311077
1.750499960873276
1.4069999685510992
1.478999966941774
1.6669999627396463
1.5514999653212727
1.8179999593645335
2.5624999427236617
1.6989999620243907
1.8419999588280915
1.7709999604150652
1.812499959487468
1.6724999626167119
2.0344999545253812
1.060499976295978
1.3379999700933696
1.483499966841191
1.7664999605156482
1.514499966148287
1.6789999624714256
1.2764999714680016
2.090999953262508
2.1234999525360765
2.2099999506026506
1.723499961476773
1.3769999692216515
2.017499954905361
1.5774999647401273
1.824499959219247
1.990999955497682
1.1759999737143516
1.6434999632649123
1.3884999689646065
1.8104999595321716
1.4919999666512012
2.1414999521337448
1.506999966315925
1.7009999619796872
1.8614999583922327
1.4659999672323465
1.7004999619908632
1.835499958973378
1.7604999606497587
1.5009999664500355
1.9914999554865063
1.6294999635778367
1.3699999693781137
1.858999958448112
1.6164999638684094
2.1489999519661067
1.1054999752901495
1.4624999673105776
1.6234999637119472
1.6779999624937774
1.7329999612644316
1.9974999553523958
1.4509999675676226
1.9419999565929174
1.8674999582581222
1.715999961644411
1.8419999588280915
1.490499966684729
1.494999966584146
1.4969999665394425
2.2639999493956564
1.28599997125566
1.316999970562756
1.138499974552542
1.3714999693445862
2.032499954570085
1.6484999631531536
1.3494999698363244
1.6704999626614154
1.4709999671205878
1.4534999675117433
1.3954999688081444
1.033999976888299
1.692499962169677
1.3349999701604247
1.537499965634197
1.1839999735355378
1.204499973077327
1.8069999596104025
1.3844999690540134
2.0379999544471503
1.4899999666959047
1.8419999588280915
1.448499967623502
1.8094999595545231
1.2984999709762632
2.1274999524466693
1.003499977570027
1.5089999662712217
1.5539999652653933
1.0579999763518573
1.8619999583810567
1.2444999721832573
1.343999969959259
1.238999972306192
1.30049997093156
1.525499965902418
1.421999968215823
1.379499969165772
1.5294999658130108
1.552999965287745
1.459999967366457
1.5129999661818148
1.424999968148768
1.6589999629184604
1.4394999678246676
1.482999966852367
1.3739999692887068
1.6904999622143806
1.4584999673999846
1.5849999645724893
2.2219999503344297
1.3334999701939523
1.591999964416027
2.1564999517984687
1.602999964170158
1.882499957922846
1.5659999649971723
1.3919999688863753
1.68799996227026
1.5744999648071825
2.3409999476745726
1.8324999590404332
1.490999966673553
1.2769999714568256
1.4764999669976533
1.7629999605938793
1.6404999633319677
1.9924999554641545
1.6464999631978572
2.219499950390309
1.8774999580346048
1.4609999673441052
1.4929999666288496
1.5734999648295342
1.6754999625496567
1.7789999602362514
1.7764999602921308
1.6094999640248715
1.3679999694228173
2.430999945662916
1.3404999700374902
1.3134999706409871
1.4399999678134918
1.6199999637901783
1.285499971266836
1.4664999672211707
1.8209999592974782
1.8799999579787254
1.59599996432662
1.870499958191067
2.0459999542683365
2.156999951787293
1.6664999627508224
1.8099999595433474
1.9174999571405351
1.8424999588169158
1.5154999661259354
1.71949996156618
1.6669999627396463
1.978999955765903
1.7224999614991248
1.3494999698363244
1.556499965209514
1.0944999755360185
1.9894999555312096
1.54149996554479
1.3134999706409871
1.5209999660030007
1.5869999645277857
1.5829999646171928
2.028499954659492
1.862499958369881
1.3974999687634408
1.932499956805259
2.0074999551288784
1.652999963052571
1.5829999646171928
2.105999952927232
1.9814999557100237
1.3839999690651894
1.5554999652318657
1.61049996400252
1.8559999585151672
1.048999976553023
1.5774999647401273
1.3719999693334102
2.07549995360896
1.8579999584704638
1.327999970316887
1.8179999593645335
1.9199999570846558
1.69649996208027
1.045499976631254
1.4044999686069786
1.6084999640472233
2.0319999545812606
2.239499949943274
1.3369999701157211
1.3409999700263142
1.7264999614097178
2.130499952379614
1.1519999742507934
1.4579999674111606
1.3819999691098928
1.962999956123531
1.4709999671205878
1.7754999603144825
1.4914999666623772
1.219999972730875
1.739499961119145
1.7764999602921308
1.8299999590963125
1.3574999696575105
1.5834999646060168
2.0669999537989496
1.6634999628178775
1.4304999680258335
2.138999952189624
1.3299999702721834
1.6324999635107815
1.5504999653436244
1.158499974105507
1.6659999627619981
1.6739999625831843
1.8464999587275088
1.1459999743849039
1.5134999661706388
2.2264999502338467
1.7134999617002904
1.0394999767653643
1.81999995931983
2.056999954022467
1.7599999606609344
1.7164999616332353
1.568499964941293
1.3839999690651894
1.5479999653995038
1.6504999631084503
1.1934999733231961
1.711499961744994
1.4359999679028987
1.4534999675117433
1.2254999726079405
1.6004999642260374
1.9294999568723141
1.324499970395118
1.3329999702051283
1.8599999584257603
1.6249999636784196
1.3659999694675207
2.3369999477639793
1.5444999654777347
1.7374999611638486
1.4279999680817128
1.8069999596104025
1.642499963287264
1.475999967008829
2.1129999527707697
1.6794999624602496
1.4224999682046473
1.4779999669641257
1.5464999654330314
1.99799995534122
1.2489999720826745
1.3149999706074595
1.5784999647177755
1.626499963644892
1.6519999630749225
1.6219999637454747
1.7604999606497587
0.9854999779723584
1.2639999717473984
1.095499975513667
1.5454999654553832
1.4579999674111606
1.6994999620132147
1.680999962426722
1.8274999591521919
1.6464999631978572
1.6609999628737568
1.413499968405813
1.405999968573451
1.8534999585710465
1.8584999584592878
1.5554999652318657
1.6119999639689921
1.816999959386885
1.4844999668188392
1.0624999762512743
1.734999961219728
1.599499964248389
1.2334999724291265
1.2209999727085232
1.7049999618902802
1.8189999593421817
1.513999966159463
1.2604999718256296
1.4859999667853117
1.3874999689869583
1.1429999744519592
1.2764999714680016
2.0244999547488987
1.3624999695457518
1.7024999619461596
1.591499964427203
1.5269999658688902
1.661999962851405
1.3564999696798623
1.703999961912632
1.5454999654553832
1.068999976105988
1.1279999747872353
1.7284999613650143
1.893999957665801
1.4969999665394425
2.1384999522008004
1.2614999718032778
2.187499951105565
1.433499967958778
1.4654999672435225
2.0199999548494816
1.4844999668188392
1.6439999632537365
1.1294999747537076
1.4464999676682055
1.3509999698027968
0.855999980866909
1.1794999736361205
1.5209999660030007
1.5814999646507204
1.676999962516129
1.7434999610297381
1.3989999687299133
1.5879999645054341
1.4739999670535326
1.8214999592863024
1.5309999657794833
2.035999954491854
1.8174999593757093
1.2874999712221324
2.037499954458326
1.591499964427203
1.4824999668635428
1.2174999727867544
1.5574999651871622
1.285499971266836
1.037499976810068
1.037999976798892
1.316499970573932
1.4964999665506185
1.0904999756254257
1.8949999576434493
1.8019999597221612
1.5834999646060168
1.2064999730326236
1.1474999743513763
1.5234999659471213
1.5549999652430415
1.2839999713003636
1.1684999738819897
2.0864999533630906
1.711999961733818
1.730499961320311
1.4429999677464367
1.6724999626167119
1.3799999691545963
1.661999962851405
1.223999972641468
1.1634999739937484
1.6214999637566507
1.7269999613985418
1.1524999742396176
1.7344999612309038
1.2919999711215495
1.6629999628290535
1.1129999751225115
1.6464999631978572
1.4999999664723873
2.017999954894185
1.6099999640136957
1.2524999720044434
1.715499961655587
1.1574999741278589
1.5249999659135938
1.0869999757036566
1.3409999700263142
1.0854999757371844
0.7444999833591283
1.219999972730875
1.4769999669864773
1.006499977502972
0.9409999789670109
1.7239999614655972
1.045499976631254
1.0934999755583703
1.3084999707527458
1.3074999707750976
1.2114999729208649
1.5114999662153423
1.1209999749436974
1.359499969612807
1.1404999745078386
1.4104999684728683
1.2259999725967645
1.2019999731332063
1.3379999700933696
1.61049996400252
1.0099999774247408
1.3159999705851078
1.44099996779114
1.1899999734014273
1.6274999636225402
1.6629999628290535
1.4779999669641257
1.525999965891242
1.6864999623037875
1.6429999632760883
1.7369999611750244
1.102999975346029
1.2824999713338912
1.9079999573528768
1.5519999653100967
1.6069999640807509
1.5829999646171928
1.6374999633990228
1.4304999680258335
1.6839999623596669
1.8364999589510262
1.0274999770335853
1.3054999708198012
1.5124999661929905
1.2324999724514782
1.3849999690428376
1.5189999660477043
2.2614999494515358
1.730499961320311
1.7419999610632657
1.4029999686405064
1.6984999620355665
1.3634999695234
1.2774999714456499
1.619499963801354
1.9524999563582242
1.05349997645244
1.114999975077808
1.979499955754727
1.2674999716691673
1.161499974038452
1.2344999724067747
0.9979999776929617
1.2544999719597398
1.436499967891723
1.5009999664500355
1.6544999630190431
2.140499952156097
1.2304999724961818
1.5154999661259354
1.3579999696463347
1.5644999650306999
1.5909999644383788
1.4779999669641257
1.993999955430627
1.746999960951507
1.3069999707862734
1.2644999717362224
1.6019999641925096
1.2349999723955989
1.6679999627172948
1.1449999744072556
0.8539999809116126
1.393999968841672
1.452499967534095
1.6859999623149633
1.30899997074157
2.2604999494738878
1.8499999586492777
1.8224999592639506
1.3639999695122242
1.8104999595321716
1.428999968059361
1.6024999641813338
1.5589999651536346
1.189499973412603
1.3949999688193202
1.8064999596215785
1.5364999656565488
1.6604999628849328
1.9414999566040934
1.1374999745748937
1.6724999626167119
1.1724999737925828
1.4209999682381749
1.5169999660924076
1.6959999620914459
1.556499965209514
1.5779999647289515
1.0074999774806201
1.521999965980649
2.083499953430146
1.293499971088022
1.0059999775141477
1.680499962437898
2.044999954290688
2.1109999528154733
1.4689999671652914
1.7689999604597688
1.9494999564252793
1.9389999566599727
2.0684999537654223
1.3144999706186353
1.9084999573417007
1.1979999732226134
1.850999958626926
1.7324999612756073
1.413499968405813
1.5189999660477043
1.6524999630637467
1.4869999667629599
1.68799996227026
1.8829999579116703
1.5784999647177755
2.055999954044819
2.005999955162406
2.0244999547488987
0.8599999807775021
2.1709999514743687
1.6699999626725912
1.6514999630860985
1.3659999694675207
1.5804999646730722
1.5354999656789006
1.4164999683387578
2.152499951887876
2.095499953161925
1.4894999667070805
1.572499964851886
1.645499963220209
2.1819999512284993
1.1454999743960799
1.6624999628402293
1.6724999626167119
1.7429999610409141
1.0644999762065708
1.9549999563023448
1.5574999651871622
1.8224999592639506
1.6359999634325504
2.217999950423837
1.196999973244965
2.3649999471381307
1.328499970305711
1.9569999562576412
1.5274999658577144
1.633999963477254
1.7204999615438283
2.3259999480098488
2.5854999422095717
1.38649996900931
1.4069999685510992
2.0014999552629886
1.548999965377152
1.3814999691210688
2.188999951072037
1.7799999602138996
1.2969999710097908
1.5039999663829804
1.262499971780926
2.3539999473839996
1.2894999711774289
1.7139999616891146
1.9494999564252793
1.5624999650754035
1.8894999577663838
2.1309999523684384
1.8829999579116703
1.4204999682493509
1.6484999631531536
1.1709999738261103
1.5164999661035836
2.055999954044819
1.4704999671317638
2.067999953776598
1.920999957062304
1.944499956537038
1.7479999609291554
1.3139999706298113
1.370999969355762
1.5439999654889107
1.9519999563694
2.253999949619174
1.7679999604821206
1.1514999742619694
1.2694999716244637
2.133499952312559
0.9754999781958759
1.7214999615214766
1.180999973602593
2.2474999497644603
2.0504999541677535
1.5469999654218554
1.9109999572858214
1.738999961130321
1.0799999758601189
1.4339999679476023
2.032499954570085
1.7974999598227441
1.8774999580346048
1.1429999744519592
2.090999953262508
1.6469999631866812
1.5204999660141767
1.266499971691519
1.9509999563917517
1.944499956537038
1.080499975848943
1.254999971948564
1.858999958448112
1.6754999625496567
1.494999966584146
1.320999970473349
1.4269999681040644
1.8029999596998096
1.397999968752265
1.5784999647177755
1.652999963052571
1.4959999665617942
1.8844999578781425
1.7219999615103005
1.335499970149249
1.506499966327101
1.7519999608397483
2.032499954570085
1.1639999739825726
2.1019999530166387
1.866499958280474
1.1504999742843212
1.9314999568276108
1.7449999609962106
1.9389999566599727
2.0344999545253812
1.8529999585822226
1.4799999669194221
1.8559999585151672
2.1579999517649413
2.0849999533966184
1.68799996227026
1.843499958794564
1.6669999627396463
2.1584999517537655
1.835999958962202
1.8524999585933983
1.8104999595321716
2.1624999516643584
1.5949999643489718
1.4839999668300152
1.3849999690428376
1.6494999631308018
1.579999964684248
1.3619999695569276
1.3994999687187373
1.626999963633716
1.9844999556429683
2.4104999461211265
1.8719999581575393
2.2124999505467713
1.6209999637678265
1.5999999642372131
2.359499947261065
1.328499970305711
1.5484999653883278
1.1059999752789735
1.603499964158982
1.9924999554641545
1.6904999622143806
1.1219999749213456
1.8634999583475291
1.0669999761506914
1.71949996156618
1.5119999662041663
1.8919999577105044
1.5889999644830823
1.6044999641366302
1.5464999654330314
1.5869999645277857
1.7494999608956276
1.3799999691545963
2.2524999496527016
2.0034999552182855
1.7959999598562717
1.711499961744994
1.58749996451661
1.6949999621137977
2.1429999521002174
1.8959999576210975
2.074999953620136
1.7244999614544212
1.5879999645054341
1.7004999619908632
1.8584999584592878
1.916499957162887
1.6579999629408122
1.328499970305711
2.009499955084175
1.3484999698586762
2.075999953597784
1.0699999760836363
2.18449995117262
2.0304999546147884
1.9534999563358724
1.7839999601244927
2.0379999544471503
1.994499955419451
2.1584999517537655
1.4779999669641257
2.5939999420195816
1.8799999579787254
1.6779999624937774
1.1764999737031758
2.1019999530166387
2.1474999519996345
1.4079999685287476
1.087999975681305
1.7669999605044722
1.6954999621026219
1.5814999646507204
1.4884999667294323
1.704499961901456
2.56349994270131
1.4564999674446881
1.734999961219728
1.1289999747648836
1.8409999588504433
1.800499959755689
1.4549999674782157
1.8789999580010772
2.8329999366775156
2.1544999518431722
2.0959999531507494
1.8059999596327543
1.6389999633654952
2.4284999457187952
1.8554999585263432
1.7359999611973762
1.2534999719820916
1.943999956548214
2.5244999435730278
2.5119999438524245
1.9269999569281935
2.405499946232885
1.939999956637621
2.327499947976321
2.787999937683344
1.652999963052571
1.533499965723604
2.005499955173582
2.167999951541424
1.9119999572634696
2.2324999500997365
1.4299999680370092
2.026499954704195
1.746499960962683
1.517999966070056
1.6654999627731741
2.7129999393597246
2.579499942343682
1.3409999700263142
1.8479999586939813
1.8904999577440322
2.205999950692058
2.035999954491854
2.009499955084175
1.630499963555485
1.7869999600574373
2.803999937325716
2.2799999490380287
1.8294999591074883
2.2439999498426912
1.6239999637007714
2.1319999523460864
1.3679999694228173
1.9009999575093388
1.9989999553188682
2.0669999537989496
2.4144999460317194
2.198499950859696
2.287999948859215
1.2099999729543924
2.3284999479539694
1.5654999650083483
2.1349999522790313
1.6079999640583993
1.6979999620467425
1.9459999565035104
1.4629999672994018
1.9214999570511282
2.005499955173582
2.456499945092946
2.0229999547824264
2.2264999502338467
1.7139999616891146
2.23899994995445
2.3674999470822513
2.029999954625964
1.5514999653212727
2.0579999540001155
2.1594999517314135
1.8159999594092369
1.4079999685287476
2.4959999442100527
2.032499954570085
2.5899999421089888
1.5059999663382768
2.1169999526813625
1.6749999625608325
1.3809999691322445
1.9589999562129379
1.7694999604485928
1.5524999652989209
1.8644999583251773
1.9454999565146864
1.9619999561458825
1.3754999692551793
1.77399996034801
1.9469999564811586
1.389999968931079
1.6489999631419778
1.165499973949045
2.3869999466463923
1.8604999584145845
1.4509999675676226
1.0469999765977263
2.187999951094389
2.3604999472387136
1.6139999639242888
2.040499954391271
1.5324999657459557
1.5779999647289515
1.4739999670535326
1.8949999576434493
2.0314999545924364
1.862499958369881
2.094999953173101
1.2704999716021121
1.8269999591633677
1.4664999672211707
1.4199999682605267
1.6159999638795852
1.6719999626278876
1.74249996105209
1.9374999566935003
1.567999964952469
1.3619999695569276
1.5834999646060168
1.378499969188124
1.9374999566935003
1.5234999659471213
1.82849995912984
1.7609999606385827
1.6819999624043702
1.7134999617002904
1.5224999659694731
1.5999999642372131
2.233499950077385
2.307499948423356
1.8909999577328562
1.8109999595209956
1.3289999702945352
2.017999954894185
1.5784999647177755
1.6444999632425605
1.4144999683834611
1.2639999717473984
1.5859999645501375
1.328499970305711
2.360999947227538
1.939999956637621
1.576999964751303
1.71949996156618
1.5809999646618962
1.5294999658130108
1.8394999588839709
1.5699999649077654
1.7609999606385827
1.5694999649189412
1.6119999639689921
1.7239999614655972
0.9624999784864485
1.8959999576210975
1.5664999649859965
1.6524999630637467
1.7754999603144825
1.7299999613314867
1.2349999723955989
1.7294999613426625
1.5029999664053322
1.2019999731332063
1.7764999602921308
1.3894999689422547
1.69649996208027
1.8234999592415988
1.1664999739266932
1.4529999675229193
1.8129999594762922
1.8349999589845538
1.5379999656230212
1.6409999633207917
1.2559999719262123
2.026499954704195
1.9349999567493796
1.7644999605603515
1.8459999587386846
1.5974999642930925
2.044999954290688
1.53299996573478
1.7049999618902802
1.5864999645389617
1.6134999639354646
1.5804999646730722
1.7829999601468445
1.7959999598562717
1.4934999666176736
1.2184999727644026
2.1369999522343277
2.0429999543353916
1.5074999663047493
1.8769999580457806
1.8174999593757093
1.499499966483563
1.916999957151711
1.9649999560788274
1.478999966941774
1.8134999594651162
1.3624999695457518
1.1084999752230942
1.7939999599009753
1.5364999656565488
1.4979999665170909
1.2019999731332063
1.5574999651871622
1.3504999698139728
1.8194999593310057
1.8459999587386846
1.4139999683946372
1.6914999621920288
1.4979999665170909
1.4069999685510992
2.3909999465569856
1.5884999644942581
1.389999968931079
1.5879999645054341
1.6154999638907612
2.1014999530278144
1.3804999691434205
1.478999966941774
1.1314999747090042
1.412999968416989
1.8769999580457806
1.9234999570064246
1.2424999722279608
1.69649996208027
1.727499961387366
1.3729999693110586
2.0309999546036126
1.4379999678581954
1.0304999769665302
1.607499964069575
1.51849996605888
1.7299999613314867
1.320499970484525
1.9234999570064246
1.7339999612420798
1.3419999700039624
1.6554999629966916
1.8764999580569566
1.5364999656565488
1.401499968674034
1.8394999588839709
2.172499951440841
0.8904999800957739
1.5324999657459557
1.5859999645501375
1.6664999627508224
1.9259999569505453
1.579999964684248
1.970499955955893
1.8044999596662818
1.1519999742507934
1.6399999633431435
1.6639999628067017
1.7574999607168138
1.1939999733120203
1.4839999668300152
0.9114999796263874
1.3859999690204858
1.3564999696798623
1.351499969791621
1.7359999611973762
1.8014999597333372
1.513999966159463
1.9029999574646355
1.0369999768212437
1.2789999714121223
1.2834999713115394
1.2864999712444842
1.459999967366457
1.0349999768659472
1.1414999744854868
1.4709999671205878
2.17599995136261
1.080999975837767
1.1524999742396176
1.6959999620914459
1.223999972641468
1.3224999704398215
1.510999966226518
1.9139999572187663
1.7939999599009753
1.2989999709650875
2.198499950859696
1.8469999587163328
2.0234999547712507
1.7629999605938793
1.0864999757148326
1.5159999661147594
1.2684999716468155
1.7949999598786235
2.07549995360896
1.9709999559447169
1.641499963309616
1.3129999706521631
1.8839999578893185
1.370499969366938
1.3009999709203839
1.5119999662041663
1.9224999570287764
1.3844999690540134
1.7939999599009753
1.2649999717250466
1.5159999661147594
1.4504999675787986
1.1509999742731452
1.3789999691769481
1.6169999638572334
1.7834999601356685
1.5264999658800662
1.7409999610856175
0.9929999778047204
1.6464999631978572
1.4779999669641257
1.3614999695681036
1.537499965634197
1.7564999607391656
1.0449999766424298
1.3819999691098928
1.5439999654889107
1.8524999585933983
1.4819999668747186
1.4884999667294323
1.8254999591968954
1.23149997247383
1.165999973937869
1.4399999678134918
1.2644999717362224
1.4839999668300152
1.7714999604038895
1.599499964248389
1.4049999685958028
1.575999964773655
2.0394999544136225
0.9849999779835343
1.672999962605536
1.1769999736919998
1.4154999683611096
1.8214999592863024
1.316499970573932
1.7754999603144825
1.487499966751784
1.2659999717026948
1.5129999661818148
1.049499976541847
1.6134999639354646
1.5269999658688902
1.6639999628067017
1.1904999733902515
1.502499966416508
1.9959999553859233
1.8539999585598708
1.6254999636672438
1.9834999556653201
1.7609999606385827
1.7219999615103005
2.008499955106527
1.5479999653995038
1.4679999671876431
2.12999995239079
1.5849999645724893
1.6219999637454747
1.7184999615885317
1.5154999661259354
1.5429999655112625
1.2194999727420508
1.862499958369881
1.3389999700710178
1.3529999697580934
1.2399999722838402
1.9959999553859233
1.30049997093156
1.4279999680817128
1.2064999730326236
1.8104999595321716
1.4594999673776328
1.3619999695569276
2.187999951094389
1.5539999652653933
1.525499965902418
1.0139999773353339
1.6174999638460577
1.556499965209514
1.5289999658241868
1.6934999621473252
1.7359999611973762
1.913499957229942
1.4844999668188392
1.5209999660030007
1.9609999561682343
1.2774999714456499
1.5539999652653933
1.443999967724085
1.2884999711997807
2.056499954033643
1.9959999553859233
1.0439999766647816
1.6229999637231232
1.3469999698922037
1.560499965120107
1.3844999690540134
1.3929999688640238
1.537499965634197
1.6054999641142786
2.292499948758632
1.4044999686069786
1.2019999731332063
1.4179999683052302
1.6629999628290535
1.6169999638572334
1.433499967958778
1.9044999574311077
1.7719999603927135
1.2364999723620713
1.080999975837767
1.0909999756142497
1.281999971345067
1.599499964248389
1.398499968741089
1.6759999625384807
1.5589999651536346
1.74249996105209
1.6929999621585012
1.347499969881028
1.9179999571293593
1.3159999705851078
1.8144999594427644
1.6399999633431435
1.3039999708533287
1.7909999599680304
1.301499970909208
1.3699999693781137
1.2959999710321426
1.1244999748654663
1.4374999678693712
1.7864999600686133
1.1714999738149345
1.8714999581687153
1.4999999664723873
1.5469999654218554
1.3379999700933696
1.894499957654625
1.9389999566599727
1.7224999614991248
1.4149999683722854
1.5929999643936754
1.6404999633319677
1.169999973848462
1.4779999669641257
1.5744999648071825
1.5409999655559659
1.1944999733008443
1.2634999717585742
1.207999972999096
1.4359999679028987
1.5884999644942581
1.2409999722614884
1.6609999628737568
1.4089999685063959
1.4804999669082464
1.5814999646507204
1.6799999624490738
1.5694999649189412
1.652999963052571
1.5544999652542173
1.370999969355762
1.1764999737031758
1.5784999647177755
1.382499969098717
1.4179999683052302
1.7364999611862004
1.6594999629072844
1.0829999757930637
1.5889999644830823
1.5079999662935735
1.885499957855791
1.6509999630972743
1.8649999583140016
1.3654999694786967
1.5589999651536346
1.4274999680928886
0.9879999779164791
1.327999970316887
1.4614999673329294
1.3039999708533287
1.784999960102141
1.7279999613761903
1.3109999706968665
1.2704999716021121
2.130499952379614
1.7239999614655972
1.4449999677017331
1.5204999660141767
1.514499966148287
1.948499956447631
1.2094999729655682
1.877999958023429
1.3329999702051283
0.6514999854378403
1.5849999645724893
1.483499966841191
1.3064999707974494
1.122999974898994
1.8194999593310057
1.7779999602586032
1.8534999585710465
1.262499971780926
1.9649999560788274
1.3029999708756805
1.757999960705638
1.490499966684729
1.708499961812049
1.494999966584146
1.3654999694786967
1.4434999677352607
1.7994999597780406
1.3349999701604247
1.3044999708421527
1.4164999683387578
1.5729999648407103
1.3084999707527458
1.6954999621026219
1.2529999719932676
1.2874999712221324
1.3129999706521631
1.7809999601915478
1.324499970395118
1.568499964941293
1.8479999586939813
1.6354999634437264
1.3569999696686863
1.8234999592415988
1.6234999637119472
1.599499964248389
1.5089999662712217
1.9449999565258622
1.7519999608397483
0.9829999780282378
1.3184999705292284
1.8334999590180814
1.676999962516129
1.1649999739602208
1.556499965209514
1.7364999611862004
1.1274999747984111
1.2829999713227154
1.8689999582245946
1.5594999651424586
1.7324999612756073
1.4299999680370092
1.394499968830496
1.3459999699145555
1.2554999719373883
1.2204999727196992
1.3214999704621733
1.5424999655224383
1.0309999769553542
1.088499975670129
1.0334999768994748
2.105999952927232
1.5159999661147594
2.3684999470598997
1.3394999700598418
1.2574999718926847
1.3344999701716005
1.630999963544309
1.471499967109412
1.5104999662376941
1.5889999644830823
1.645499963220209
1.4169999683275818
1.8734999581240117
1.6544999630190431
1.0814999758265913
1.0589999763295055
1.7209999615326523
1.7324999612756073
1.7514999608509243
1.4634999672882258
1.7879999600350858
1.3129999706521631
1.424999968148768
1.4004999686963857
1.316999970562756
1.4489999676123262
2.0459999542683365
0.9699999783188105
1.8149999594315886
1.7519999608397483
1.3429999699816109
1.2619999717921018
1.324499970395118
2.2159999504685404
1.7919999599456786
2.0349999545142055
1.568499964941293
1.5824999646283686
1.626999963633716
1.6119999639689921
1.6119999639689921
1.6814999624155462
1.3834999690763652
1.2984999709762632
1.7369999611750244
1.44099996779114
1.9299999568611383
1.3744999692775308
1.443999967724085
1.0634999762289226
1.6539999630302191
1.5014999664388597
1.5644999650306999
1.8654999583028258
1.9459999565035104
1.2344999724067747
1.5709999648854136
1.622499963734299
1.831499959062785
1.5854999645613135
1.467499967198819
1.7124999617226422
1.0389999767765403
1.6129999639466406
1.4284999680705368
1.5304999657906593
1.2324999724514782
1.4234999681822955
1.5849999645724893
1.464499967265874
1.3274999703280628
1.7574999607168138
1.6609999628737568
2.122499952558428
1.064999976195395
1.278499971423298
1.5924999644048512
2.006999955140054
1.8599999584257603
1.4399999678134918
1.4959999665617942
1.3834999690763652
1.1794999736361205
1.4064999685622752
1.9564999562688172
2.001999955251813
1.9449999565258622
1.3619999695569276
1.64199996329844
1.3924999688751996
1.567999964952469
1.5719999648630618
1.2984999709762632
1.4119999684393405
1.3064999707974494
1.5784999647177755
1.2119999729096889
1.5379999656230212
1.452499967534095
1.320499970484525
1.7939999599009753
1.1369999745860695
1.58749996451661
1.8879999577999116
1.2654999717138709
1.4624999673105776
2.2374999499879777
1.3404999700374902
1.3734999692998826
0.8154999817721545
1.238999972306192
1.5859999645501375
1.5909999644383788
1.5884999644942581
1.2014999731443823
1.6684999627061188
1.8769999580457806
1.479499966930598
1.4809999668970704
1.7064999618567527
1.7009999619796872
1.638499963376671
2.002499955240637
1.7999999597668648
1.4124999684281647
1.734999961219728
1.0519999764859675
1.5339999657124281
1.5039999663829804
2.001999955251813
1.2989999709650875
0.9784999781288206
1.4489999676123262
1.0259999770671129
1.7619999606162309
1.5734999648295342
1.4879999667406083
1.3034999708645045
0.9219999793916941
1.6394999633543192
1.6824999623931944
1.1254999748431147
1.2724999715574086
1.6249999636784196
1.8444999587722122
1.1164999750442803
1.610999963991344
1.4194999682717024
1.4689999671652914
2.0354999545030297
1.351999969780445
1.1094999752007424
1.6844999623484909
1.7689999604597688
1.4879999667406083
1.447999967634678
1.932499956805259
1.2824999713338912
1.4614999673329294
1.1444999744184314
1.3364999701268971
1.4254999681375922
1.1629999740049244
1.6959999620914459
1.5709999648854136
2.181499951239675
1.4814999668858946
1.7939999599009753
1.1954999732784928
1.5859999645501375
1.3119999706745147
2.097999953106046
1.0614999762736261
1.8904999577440322
1.7364999611862004
0.9174999794922769
1.5924999644048512
1.4004999686963857
1.6089999640360475
1.5429999655112625
1.7499999608844519
1.637999963387847
1.4704999671317638
1.3174999705515802
1.893999957665801
1.603499964158982
1.4089999685063959
1.1919999733567237
1.4314999680034817
1.8329999590292574
1.38649996900931
1.6289999635890127
1.2569999719038605
1.5624999650754035
1.1329999746754766
1.8539999585598708
1.2989999709650875
1.2309999724850058
1.5079999662935735
1.4029999686405064
1.3659999694675207
1.471999967098236
1.1719999738037585
1.5189999660477043
1.6219999637454747
1.2029999731108547
1.6989999620243907
1.5404999655671419
1.1059999752789735
1.8269999591633677
1.7384999611414969
1.7474999609403312
1.707999961823225
2.0884999533183874
1.1674999739043415
2.0079999551177026
1.575999964773655
1.943999956548214
1.4104999684728683
1.4624999673105776
1.3859999690204858
1.718999961577356
1.1724999737925828
1.6349999634549022
1.7869999600574373
1.7179999615997077
1.6484999631531536
1.9244999569840728
1.6209999637678265
1.3654999694786967
1.9109999572858214
1.9894999555312096
1.8554999585263432
2.1434999520890416
1.1514999742619694
1.8884999577887356
1.8349999589845538
2.1549999518319964
1.8304999590851367
1.734999961219728
1.6374999633990228
1.215499972831458
1.436999967880547
1.506499966327101
1.8619999583810567
1.5779999647289515
1.9929999554529787
1.8819999579340219
1.6944999621249734
1.9834999556653201
2.3269999479874968
2.2859999489039184
1.5939999643713236
1.1354999746195973
1.8349999589845538
1.638499963376671
2.0624999538995326
1.7634999605827033
1.5484999653883278
1.2439999721944333
1.87449995810166
1.5394999655894934
1.4374999678693712
1.4589999673888088
1.9124999572522938
1.1974999732337892
1.5884999644942581
1.1414999744854868
2.1284999524243178
1.962999956123531
1.8494999586604535
1.8449999587610364
1.4114999684505165
1.9104999572969974
2.1159999527037145
1.870999958179891
1.7549999607726932
1.5794999646954238
1.9229999570176006
2.4499999452382326
2.120999952591956
2.6594999405555426
1.8099999595433474
2.0454999542795123
1.9024999574758112
2.0389999544247983
1.9189999571070075
1.7764999602921308
1.8654999583028258
2.102999952994287
1.5749999647960067
2.048999954201281
1.7454999609850348
2.1734999514184894
1.8104999595321716
1.9354999567382039
1.6324999635107815
1.5474999654106796
1.3859999690204858
0.7389999834820629
2.053999954089522
1.4879999667406083
1.5744999648071825
1.979499955754727
1.5624999650754035
2.126499952469021
2.250499949697405
1.4914999666623772
1.781499960180372
1.2569999719038605
1.146999974362552
1.2824999713338912
1.4579999674111606
2.670999940298498
1.4264999681152404
2.2254999502561987
1.6584999629296362
1.138499974552542
1.5579999651759864
1.444499967712909
2.041999954357743
1.6124999639578164
1.4189999682828784
2.090499953273684
2.1164999526925383
1.575999964773655
1.784999960102141
2.032499954570085
1.653499963041395
1.8444999587722122
1.8544999585486948
2.2014999507926403
1.661999962851405
2.0544999540783464
1.1004999754019082
2.0169999549165367
1.355999969691038
1.6504999631084503
1.9889999555423856
1.699999962002039
1.6449999632313848
1.7834999601356685
1.9839999556541443
1.7099999617785215
1.235999972373247
1.8219999592751264
2.0819999534636735
1.3834999690763652
1.4574999674223363
1.5084999662823975
1.3649999694898725
1.5639999650418759
1.5809999646618962
2.013499954994768
1.3799999691545963
1.5104999662376941
2.5484999430365862
1.7139999616891146
1.1254999748431147
1.0864999757148326
1.3059999708086252
1.5469999654218554
1.8034999596886336
1.0654999761842192
1.7864999600686133
1.1984999732114374
1.626999963633716
1.9224999570287764
2.908499934989959
1.6944999621249734
1.676999962516129
1.653499963041395
1.4239999681711197
1.7069999618455767
2.1079999528825284
2.087499953340739
1.8269999591633677
1.610999963991344
2.4069999461993574
1.5979999642819167
2.0589999539777635
1.5029999664053322
2.288999948836863
1.7629999605938793
1.2894999711774289
2.063499953877181
1.707999961823225
2.897499935235828
2.0959999531507494
2.017499954905361
1.169999973848462
1.9884999555535614
2.032499954570085
2.145499952044338
2.149499951954931
1.1364999745972455
1.389999968931079
1.3269999703392386
2.2169999504461884
1.4124999684281647
1.8329999590292574
1.6824999623931944
1.699999962002039
1.5944999643601476
1.6739999625831843
1.7789999602362514
2.12999995239079
1.7939999599009753
2.265499949362129
1.5899999644607306
1.6214999637566507
1.859499958436936
1.316499970573932
1.637999963387847
1.750499960873276
1.7184999615885317
2.1444999520666896
2.044999954290688
1.4044999686069786
2.044999954290688
2.1369999522343277
0.9509999787434935
2.1034999529831113
1.9294999568723141
2.1164999526925383
